501  0.0544568
502  0.0576729
503  -0.0928915
504  -0.283285
505  -0.0440625
506  -0.258129
507  -0.0338318
508  -0.319733
509  -0.371406
510  -0.251841
511  -0.0125328
512  0.242244
513  0.0313086
514  -0.119743
515  -0.46008
516  -0.376824
517  -0.0557925
518  0.0155343
519  -0.495063
520  -0.0705374
521  -0.440133
522  -0.448339
523  -0.390586
524  -0.0316505
525  -0.301618
526  -0.227864
527  -0.295137
528  0.0955836
529  -0.0162607
530  0.0537744
531  -0.486621
532  -0.219181
533  -0.227163
534  -0.2456
535  -0.217506
536  -0.133663
537  -0.122068
538  -0.339145
539  -0.283166
540  -0.0525838
541  -0.121154
542  -0.516982
543  -0.344275
544  -0.353985
545  0.00117288
546  0.101856
547  0.217255
548  -0.117004
549  -0.195833
550  0.557506
551  0.0423478
552  -0.040786
553  -0.0905398
554  -0.31626
555  -0.356993
556  -0.397131
557  -0.403391
558  -0.144957
559  0.0705439
560  -0.0413826
561  -0.434063
562  0.0986038
563  -0.116113
564  0.0711952
565  0.0483104
566  -0.240967
567  0.0623837
568  -0.389245
569  -0.0991377
570  -0.229732
571  -0.299272
572  -0.331788
573  -0.186425
574  -0.266165
575  0.237617
576  0.156763
577  0.241716
578  0.0718063
579  -0.0498251
580  -0.28693
581  -0.323887
582  0.162483
583  -0.130937
584  -0.110384
585  -0.109646
586  -0.195905
587  -0.274149
588  -0.714704
589  -0.312818
590  -0.169835
591  -0.331378
592  -0.369804
593  -0.0679571
594  -0.145882
595  -0.405055
596  -0.119325
597  -0.130272
598  -0.129088
599  -0.467315
600  -0.0412753
601  -0.397185
602  -0.241
603  -0.137326
604  -0.305844
605  0.172167
606  0.24904
607  0.252159
608  0.260682
609  0.378526
610  0.323067
611  -0.247945
612  -0.0741218
613  -0.268137
614  -0.247671
615  -0.269496
616  -0.173478
617  0.0522081
618  0.149633
619  0.135952
620  0.159312
621  -0.168351
622  -0.664935
623  0.468033
624  0.140777
625  0.0606061
626  0.0556334
627  -0.171479
628  -0.41415
629  -0.181521
630  -0.440462
631  -0.293014
632  -0.218081
633  -0.378027
634  0.120306
635  -0.306374
636  -0.126729
637  -0.314333
638  -0.102003
639  0.0285875
640  -0.246461
641  -0.024678
642  -0.0193993
643  -0.403695
644  -0.228205
645  -0.31357
646  -0.505891
647  -0.112198
648  -0.0875323
649  -0.266586
650  -0.467286
651  -0.0270244
652  -0.137389
653  -0.350611
654  -0.205657
655  -0.117359
656  -0.0559723
657  -0.25209
658  -0.558542
659  -0.566915
660  -0.498058
661  -0.376811
662  -0.213362
663  0.053763
664  -0.0970844
665  -0.129234
666  0.242832
667  -0.234216
668  -0.0155573
669  -0.613674
670  -0.296186
671  0.006451
672  -0.383761
673  -0.442702
674  -0.171471
675  -0.19005
676  -0.132892
677  -0.228553
678  -0.259478
679  -0.397999
680  -0.334902
681  -0.440163
682  -0.2352
683  0.1012
684  -0.0153615
685  0.00936748
686  -0.0830171
687  0.0656722
688  -0.443668
689  -0.059263
690  -0.182408
691  -0.2645
692  -0.0718619
693  -0.205776
694  -0.179368
695  -0.168133
696  -0.243078
697  0.0835425
698  -0.0531028
699  -0.295964
700  -0.239911
701  -0.427332
702  -0.462784
703  -0.493964
704  -0.490556
705  -0.288008
706  -0.51838
707  -0.408408
708  -0.0860958
709  -0.434206
710  -0.288568
711  0.0271084
712  -0.181609
713  -0.209167
714  -0.261459
715  -0.264153
716  -0.479978
717  -0.0493103
718  0.340028
719  -0.0394181
720  0.236772
721  0.24364
722  -0.427241
723  -0.202373
724  -0.290659
725  -0.417303
726  -0.34183
727  -0.275679
728  0.0978864
729  -0.0757873
730  0.152473
731  -0.00193849
732  0.0526519
733  -0.0815387
734  -0.261579
735  -0.209454
736  -0.450692
737  -0.302617
738  -0.548171
739  -0.468812
740  -0.385391
741  -0.256922
742  -0.415548
743  0.173954
744  0.039871
745  0.186164
746  0.0837131
747  -0.0578365
748  0.187817
749  -0.632758
750  -0.553983
751  -0.529986
752  -0.595662
753  -0.716303
754  -0.399167
755  -0.346354
756  -0.482046
757  -0.0844148
758  -0.0301796
759  -0.338452
760  -0.342482
761  -0.0887945
762  -0.178556
763  0.323424
764  0.239591
765  0.0298114
766  -0.191709
767  -0.497854
768  -0.48666
769  0.154617
770  -0.0162963
771  -0.426974
772  -0.454159
773  -0.448366
774  -0.0220802
775  0.0111468
776  -0.121401
777  -0.0742635
778  -0.303183
779  -0.150334
780  -0.103647
781  -0.457912
782  -0.348054
783  -0.0863251
784  -0.392232
785  -0.376207
786  -0.234332
787  -0.208208
788  -0.260433
789  -0.332151
790  -0.0651419
791  0.129857
792  -0.346554
793  0.0673116
794  -0.217435
795  -0.0733542
796  -0.13069
797  -0.0806976
798  -0.0817474
799  0.127625
800  -0.192897
801  -0.0699955
802  -0.0691008
803  0.0503748
804  -0.331787
805  -0.203083
806  0.059109
807  -0.322018
808  -0.027643
809  -0.209459
810  -0.033549
811  -0.174793
812  -0.212323
813  -0.0420339
814  -0.0324684
815  0.111847
816  -0.450521
817  -0.446972
818  0.156883
819  0.26992
820  -0.208168
821  -0.442691
822  -0.512021
823  -0.185076
824  -0.374843
825  -0.293185
826  0.143481
827  0.0106401
828  0.00157585
829  0.0789136
830  -0.0289902
831  -0.00299904
832  -0.196311
833  -0.115022
834  -0.380707
835  -0.0161113
836  0.0226675
837  -0.0451906
838  -0.415648
839  0.0480654
840  -0.444095
841  -0.260623
842  -0.270845
843  0.2893
844  -0.0424297
845  -0.0423714
846  -0.14281
847  -0.13181
848  -0.212939
849  -0.461905
850  0.08619
851  0.319189
852  0.251929
853  -0.272515
854  0.0416385
855  -0.0981346
856  -0.222709
857  -0.0876783
858  -0.170056
859  -0.0801301
860  -0.0681102
861  0.376617
862  -0.400723
863  -0.107815
864  -0.103965
865  -0.316931
866  0.204254
867  -0.275895
868  0.515675
869  -0.384589
870  -0.398915
871  -0.430147
872  -0.44475
873  -0.207707
874  -0.196976
875  -0.363361
876  -0.403471
877  -0.324445
878  0.248433
879  0.221495
880  0.0512371
881  0.0844409
882  0.0429298
883  -0.192017
884  0.000758274
885  0.087005
886  -0.0739942
887  0.0282164
888  -0.195219
889  -0.380501
890  -0.112965
891  -0.378211
892  -0.411043
893  -0.446809
894  -0.542891
895  -0.459135
896  -0.217696
897  0.188869
898  0.182024
899  0.252739
900  -0.286004
901  -0.219629
902  0.0506385
903  -0.105302
904  -0.549153
905  -0.489447
906  -0.306681
907  -0.271243
908  -0.0908545
909  -0.219609
910  0.162684
911  -0.137458
912  0.0395907
913  0.0464247
914  -0.305441
915  -0.339248
916  -0.147034
917  0.0431242
918  -0.473925
919  -0.193665
920  -0.130417
921  -0.1641
922  -0.0960713
923  -0.0744135
924  -0.272784
925  -0.261116
926  -0.103246
927  0.150027
928  -0.289476
929  -0.354849
930  -0.280585
931  -0.121377
932  0.0576817
933  -0.440061
934  -0.0512579
935  -0.319796
936  -0.382723
937  -0.22216
938  -0.278573
939  -0.192035
940  -0.196459
941  -0.367666
942  -0.0717253
943  -0.347994
944  -0.0988144
945  -0.0586821
946  0.00283386
947  0.00608862
948  -0.225244
949  0.0860151
950  -0.107218
951  0.0689392
952  -0.0207455
953  -0.385967
954  -0.224583
955  -0.157367
956  0.054554
957  0.203244
958  0.46276
959  -0.184569
960  -0.327447
961  -0.291715
962  -0.215277
963  -0.0938805
964  -0.211068
965  -0.31295
966  -0.442868
967  -0.540933
968  -0.368651
969  -0.145753
970  -0.362506
971  -0.25679
972  -0.329632
973  0.22534
974  -0.457239
975  -0.521381
976  0.15886
977  -0.0478546
978  -0.226297
979  -0.00114157
980  0.224572
981  -0.10174
982  -0.302933
983  -0.285784
984  -0.253354
985  0.121039
986  0.13119
987  0.23691
988  0.323116
989  0.0164344
990  -0.394542
991  -0.248611
992  -0.163901
993  -0.374421
994  -0.187129
995  -0.00260047
996  -0.280641
997  -0.238754
998  -0.239909
999  -0.275478
1000  -0.150149
1001  -0.440674
1002  -0.328535
1003  -0.0169472
1004  -0.258858
1005  -0.317377
1006  -0.478212
1007  -0.485042
1008  0.0988744
1009  -0.586779
1010  -0.458853
1011  -0.0114002
1012  0.0334427
1013  -0.00502989
1014  -0.0182998
1015  -0.346022
1016  -0.338745
1017  -0.325615
1018  -0.244749
1019  -0.0365159
1020  -0.0111091
1021  0.108054
1022  0.0229798
1023  -0.0635857
1024  -0.419575
1025  -0.512116
1026  -0.376298
1027  -0.00479128
1028  -0.0425492
1029  -0.368588
1030  -0.462705
1031  -0.0327325
1032  -0.0607246
1033  -0.144725
1034  -0.104912
1035  -0.0522791
1036  -0.523389
1037  -0.165905
1038  -0.275487
1039  -0.0654909
1040  -0.0307735
1041  0.083782
1042  -0.360326
1043  -0.058473
1044  -0.444568
1045  -0.253522
1046  0.0610425
1047  -0.243899
1048  -0.34293
1049  -0.322823
1050  -0.479315
1051  -0.198984
1052  -0.22086
1053  -0.184885
1054  -0.185992
1055  0.00848255
1056  0.120161
1057  0.0843523
1058  0.0883003
1059  -0.566184
1060  -0.602154
1061  0.266514
1062  0.276705
1063  -0.481448
1064  -0.319425
1065  -0.402931
1066  -0.505236
1067  0.150156
1068  -0.182342
1069  0.0336979
1070  0.0728427
1071  -0.124381
1072  -0.403128
1073  -0.557738
1074  -0.596534
1075  -0.380614
1076  -0.435241
1077  -0.36706
1078  -0.0885565
1079  -0.170858
1080  -0.189657
1081  -0.25417
1082  -0.195284
1083  -0.052348
1084  -0.215262
1085  -0.0981058
1086  0.210803
1087  -0.215446
1088  0.388734
1089  0.0609673
1090  -0.133656
1091  0.0893978
1092  -0.175757
1093  0.0849415
1094  -0.392216
1095  -0.386073
1096  -0.0192666
1097  0.0927511
1098  0.0390509
1099  -0.427417
1100  -0.259694
1101  0.0234378
1102  -0.00110784
1103  -0.153406
1104  -0.178065
1105  -0.144655
1106  -0.404784
1107  -0.552031
1108  0.18543
1109  -0.162303
1110  -0.065289
1111  -0.171783
1112  -0.0377234
1113  0.263912
1114  -0.435808
1115  -0.349933
1116  -0.109844
1117  -0.295712
1118  -0.133637
1119  -0.250044
1120  -0.159468
1121  0.118055
1122  0.15879
1123  0.209827
1124  0.298515
1125  0.189378
1126  0.0328324
1127  -0.179095
1128  -0.175164
1129  -0.064541
1130  -0.231848
1131  -0.370957
1132  -0.218463
1133  0.184163
1134  -0.29277
1135  -0.0043053
1136  -0.126084
1137  -0.279149
1138  -0.305512
1139  -0.0825727
1140  -0.397068
1141  0.124293
1142  0.168314
1143  0.317161
1144  -0.190516
1145  0.271788
1146  -0.0985792
1147  -0.0268242
1148  -0.246037
1149  -0.37823
1150  -0.148125
1151  -0.369999
1152  -0.415103
1153  -0.241858
1154  -0.262186
1155  -0.250764
1156  -0.10821
1157  -0.0319594
1158  -0.357764
1159  -0.0536347
1160  0.0398189
1161  -0.140798
1162  -0.170622
1163  0.0532229
1164  0.178143
1165  0.39585
1166  -0.246715
1167  -0.200952
1168  -0.049451
1169  0.0674657
1170  0.0605669
1171  -0.43498
1172  0.204596
1173  -0.474172
1174  0.0846222
1175  0.0906502
1176  -0.19838
1177  0.0071305
1178  -0.215149
1179  -0.35436
1180  -0.268866
1181  -0.11165
1182  -0.0820951
1183  -0.00127112
1184  -0.312045
1185  -0.378472
1186  -0.327482
1187  -0.263833
1188  -0.467623
1189  -0.0962239
1190  -0.157803
1191  -0.310249
1192  0.155207
1193  -0.390736
1194  -0.432036
1195  -0.46741
1196  -0.392124
1197  -0.505054
1198  -0.0264681
1199  0.025963
1200  0.0342282
1201  -0.254173
1202  0.251837
1203  0.26567
1204  -0.613127
1205  -0.581493
1206  -0.662591
1207  0.335915
1208  -0.417571
1209  -0.408494
1210  -0.0540383
1211  -0.275118
1212  -0.169154
1213  -0.141876
1214  -0.195874
1215  -0.384479
1216  -0.436805
1217  0.171659
1218  0.00604987
1219  -0.204887
1220  -0.0327902
1221  -0.0494962
1222  -0.163147
1223  -0.0882877
1224  -0.240155
1225  -0.288535
1226  0.0902138
1227  -0.335654
1228  -0.283561
1229  -0.148203
1230  -0.189727
1231  0.0667508
1232  0.0464092
1233  0.0836789
1234  -0.150853
1235  -0.329928
1236  -0.0408574
1237  0.0199144
1238  -0.0164352
1239  -0.169603
1240  -0.13782
1241  0.0617385
1242  -0.386041
1243  -0.39398
1244  -0.400506
1245  0.0368722
1246  0.071093
1247  -0.0428167
1248  -0.319749
1249  -0.24787
1250  -0.233121
1251  -0.154722
1252  0.0290099
1253  -0.183976
1254  -0.476745
1255  -0.430207
1256  -0.145448
1257  0.0129834
1258  0.0527916
1259  -0.208013
1260  -0.107831
1261  -0.186288
1262  -0.18599
1263  -0.130825
1264  -0.181565
1265  -0.236774
1266  -0.389431
1267  0.137973
1268  -0.257009
1269  -0.132715
1270  -0.256545
1271  0.00999845
1272  -0.392337
1273  0.0285725
1274  -0.145454
1275  -0.199613
1276  -0.198935
1277  0.0074788
1278  -0.349796
1279  -0.147728
1280  -0.386312
1281  -0.343089
1282  -0.389432
1283  0.308759
1284  -0.294704
1285  -0.36956
1286  -0.0655138
1287  -0.210774
1288  -0.17616
1289  -0.144444
1290  -0.132351
1291  -0.278345
1292  -0.151478
1293  0.103829
1294  0.142958
1295  -0.113843
1296  -0.000895592
1297  -0.386814
1298  -0.322317
1299  -0.565813
1300  -0.14522
1301  -0.255717
1302  -0.0491713
1303  -0.288518
1304  -0.274606
1305  -0.167798
1306  -0.188675
1307  -0.182489
1308  -0.401116
1309  -0.36816
1310  0.254755
1311  -0.0300953
1312  -0.359268
1313  -0.545185
1314  -0.663166
1315  -0.612609
1316  -0.312397
1317  -0.433616
1318  0.144053
1319  -0.00320886
1320  -0.257791
1321  -0.502703
1322  -0.293666
1323  -0.304477
1324  0.160778
1325  0.10833
1326  -0.293707
1327  -0.313501
1328  0.0891804
1329  0.342065
1330  -0.227447
1331  -0.12172
1332  0.0142721
1333  -0.0604831
1334  -0.160734
1335  -0.270321
1336  -0.379574
1337  -0.25953
1338  -0.723254
1339  -0.660711
1340  -0.177047
1341  0.00643318
1342  0.20328
1343  -0.151424
1344  -0.217105
1345  -0.250441
1346  -0.247254
1347  0.163873
1348  -0.381292
1349  0.185797
1350  -0.260377
1351  0.231345
1352  -0.212484
1353  -0.136817
1354  0.0989246
1355  -0.197152
1356  -0.301159
1357  -0.122582
1358  -0.468859
1359  -0.377277
1360  -0.538918
1361  -0.236793
1362  -0.314345
1363  -0.243765
1364  -0.443386
1365  -0.32682
1366  -0.0482632
1367  -0.00353815
1368  -0.0028582
1369  -0.532344
1370  -0.0867159
1371  -0.263416
1372  -0.370567
1373  0.22017
1374  -0.267228
1375  -0.202992
1376  0.00708665
1377  0.0159805
1378  -0.0371697
1379  0.0351272
1380  -0.335332
1381  -0.236774
1382  0.0816905
1383  0.0351783
1384  -0.130362
1385  -0.280019
1386  -0.229332
1387  -0.302393
1388  -0.0504858
1389  0.247795
1390  0.267711
1391  0.274876
1392  -0.277099
1393  -0.269802
1394  -0.222286
1395  0.0298642
1396  -0.265703
1397  -0.289279
1398  -0.171908
1399  -0.33251
1400  -0.00117495
1401  -0.384505
1402  0.153096
1403  -0.423327
1404  -0.132188
1405  -0.356222
1406  -0.314883
1407  -0.299829
1408  -0.0441612
1409  -0.0651884
1410  -0.381357
1411  -0.490899
1412  -0.0435812
1413  -0.264539
1414  -0.117241
1415  -0.0519619
1416  -0.132309
1417  -0.306192
1418  -0.300063
1419  -0.0328733
1420  -0.506767
1421  -0.455972
1422  -0.350961
1423  -0.245252
1424  0.118301
1425  -0.179122
1426  -0.127547
1427  -0.313757
1428  -0.113688
1429  -0.0554989
1430  0.206343
1431  -0.483672
1432  0.105262
1433  0.0616583
1434  -0.155485
1435  -0.225986
1436  0.207249
1437  0.265931
1438  0.325529
1439  0.0881972
1440  0.076934
1441  0.24336
1442  -0.385795
1443  -0.295919
1444  -0.361597
1445  -0.232887
1446  -0.384863
1447  -0.331293
1448  -0.204052
1449  -0.290525
1450  0.0306087
1451  -0.00277407
1452  -0.154256
1453  -0.182123
1454  -0.338173
1455  -0.203379
1456  -0.368296
1457  0.0896419
1458  -0.128709
1459  -0.466873
1460  -0.606548
1461  -0.248242
1462  -0.195551
1463  0.186426
1464  -0.0404064
1465  0.0526089
1466  0.0262574
1467  0.0313674
1468  -0.0301009
1469  -0.118631
1470  -0.374295
1471  -0.485676
1472  -0.455858
1473  -0.464378
1474  -0.286835
1475  -0.353929
1476  -0.258828
1477  -0.0339949
1478  0.0681488
1479  -0.0485418
1480  -0.440603
1481  -0.200533
1482  0.0763755
1483  -0.196051
1484  -0.263025
1485  -0.238964
1486  0.319388
1487  -0.270425
1488  -0.391619
1489  -0.0951538
1490  -0.129154
1491  -0.0932522
1492  0.156314
1493  -0.197308
1494  -0.463913
1495  -0.344442
1496  -0.39452
1497  0.0033237
1498  -0.102305
1499  -0.259306
1500  -0.348811
501  -12.0796
502  -12.2448
503  -11.8685
504  -11.9064
505  -12.1231
506  -12.1213
507  -12.2548
508  -12.4012
509  -12.5109
510  -12.4106
511  -12.2692
512  -12.0494
513  -12.0221
514  -12.1278
515  -12.0252
516  -12.1919
517  -12.3967
518  -12.1767
519  -12.2249
520  -12.1352
521  -11.9782
522  -12.3273
523  -12.1446
524  -12.2751
525  -12.1054
526  -12.0325
527  -12.411
528  -12.6267
529  -12.0636
530  -12.2244
531  -12.0308
532  -12.2439
533  -12.6013
534  -12.2545
535  -12.4981
536  -12.4617
537  -12.2429
538  -12.0704
539  -12.2061
540  -12.1726
541  -12.4092
542  -12.2918
543  -12.2515
544  -12.4237
545  -12.1629
546  -12.2568
547  -12.222
548  -12.1888
549  -12.4117
550  -12.3831
551  -12.2338
552  -12.302
553  -12.3313
554  -12.1385
555  -12.5636
556  -12.3915
557  -12.0796
558  -12.1764
559  -12.0479
560  -12.4639
561  -12.1293
562  -12.1084
563  -12.4121
564  -12.4097
565  -12.3967
566  -12.0265
567  -12.311
568  -12.2003
569  -12.4109
570  -12.254
571  -12.6149
572  -12.0766
573  -12.432
574  -12.4034
575  -11.9192
576  -12.7297
577  -12.3579
578  -12.3979
579  -12.5547
580  -12.2432
581  -12.2898
582  -11.9652
583  -12.5002
584  -12.3135
585  -12.4052
586  -12.5729
587  -12.1254
588  -12.36
589  -12.4935
590  -12.2961
591  -12.223
592  -12.4636
593  -12.1607
594  -12.2333
595  -12.2745
596  -12.3524
597  -12.2994
598  -12.2512
599  -12.4442
600  -12.3296
601  -12.2977
602  -12.5836
603  -12.2187
604  -12.3252
605  -12.4373
606  -12.3112
607  -12.1451
608  -12.3106
609  -12.0385
610  -12.2226
611  -12.3492
612  -12.2516
613  -12.3302
614  -12.5541
615  -12.3754
616  -12.2414
617  -12.5579
618  -11.9908
619  -12.3213
620  -12.6524
621  -12.2224
622  -12.2115
623  -11.7916
624  -11.9666
625  -12.2407
626  -12.2574
627  -12.0409
628  -12.0526
629  -12.295
630  -12.1429
631  -12.1873
632  -12.0386
633  -12.1173
634  -12.3175
635  -12.2851
636  -12.3289
637  -12.052
638  -12.3535
639  -12.2387
640  -12.0414
641  -12.0458
642  -12.3438
643  -12.0807
644  -12.0465
645  -12.3672
646  -12.2274
647  -12.4349
648  -12.2054
649  -12.1606
650  -12.3703
651  -12.2054
652  -12.2497
653  -12.1263
654  -11.9855
655  -12.2892
656  -12.0666
657  -12.2028
658  -12.4656
659  -12.3511
660  -12.3951
661  -12.144
662  -12.1775
663  -12.401
664  -12.0983
665  -12.5948
666  -12.444
667  -12.4829
668  -12.0833
669  -12.2478
670  -12.0563
671  -12.2523
672  -12.3084
673  -12.206
674  -12.3138
675  -12.3859
676  -12.2387
677  -12.5531
678  -12.1974
679  -11.8918
680  -12.5431
681  -12.02
682  -12.097
683  -11.7317
684  -12.3095
685  -12.1277
686  -12.6559
687  -12.6384
688  -12.1958
689  -12.3163
690  -12.3017
691  -12.5301
692  -12.3629
693  -12.2123
694  -12.8846
695  -12.5227
696  -12.2398
697  -12.2983
698  -12.2747
699  -12.2831
700  -12.0727
701  -12.1283
702  -12.1316
703  -12.2543
704  -12.0319
705  -12.5593
706  -12.2203
707  -12.2451
708  -12.2651
709  -12.1764
710  -12.0614
711  -12.2368
712  -12.3506
713  -12.5912
714  -12.215
715  -12.2721
716  -12.2558
717  -12.0926
718  -12.1766
719  -12.2513
720  -12.4706
721  -12.3659
722  -11.9984
723  -12.0888
724  -12.2163
725  -11.9237
726  -12.6449
727  -12.5005
728  -12.3746
729  -11.9508
730  -12.0882
731  -12.2884
732  -12.1469
733  -12.2446
734  -12.3082
735  -12.0976
736  -12.23
737  -12.0946
738  -12.337
739  -12.1265
740  -12.2105
741  -12.1858
742  -12.3316
743  -12.1847
744  -12.3201
745  -12.4135
746  -12.4788
747  -12.3099
748  -12.2333
749  -11.9802
750  -12.1659
751  -12.2711
752  -12.3846
753  -12.5933
754  -12.2636
755  -12.2701
756  -12.3221
757  -12.2414
758  -12.2999
759  -12.1129
760  -12.2847
761  -12.2198
762  -12.2975
763  -12.2111
764  -12.3099
765  -12.2786
766  -12.6001
767  -12.2229
768  -12.3581
769  -12.2267
770  -12.2828
771  -12.3651
772  -12.2117
773  -12.1215
774  -12.2252
775  -12.0385
776  -12.2719
777  -12.4295
778  -12.2794
779  -12.2641
780  -12.3931
781  -12.2127
782  -12.2499
783  -12.2133
784  -12.1701
785  -12.5008
786  -12.2557
787  -12.2861
788  -12.2576
789  -12.6403
790  -12.3499
791  -12.005
792  -12.2597
793  -12.2023
794  -12.2707
795  -12.2075
796  -12.3137
797  -12.1912
798  -12.1605
799  -12.2309
800  -12.1559
801  -12.1427
802  -12.255
803  -12.3959
804  -12.1622
805  -12.3804
806  -12.3316
807  -12.4533
808  -12.4648
809  -12.1864
810  -12.1522
811  -12.3727
812  -12.2694
813  -12.1803
814  -12.0285
815  -12.1265
816  -12.0301
817  -12.2756
818  -12.5706
819  -12.2337
820  -12.334
821  -12.2372
822  -12.1368
823  -12.4987
824  -12.3659
825  -12.4802
826  -12.1662
827  -12.1507
828  -12.4341
829  -12.2504
830  -12.1792
831  -12.1053
832  -12.2361
833  -12.3358
834  -12.421
835  -12.2313
836  -12.2871
837  -12.4673
838  -12.163
839  -12.3011
840  -12.0413
841  -12.3187
842  -12.3741
843  -12.3464
844  -12.0853
845  -12.4343
846  -12.3347
847  -12.2922
848  -12.3185
849  -12.5795
850  -12.6246
851  -12.4969
852  -12.0837
853  -11.9974
854  -12.3651
855  -12.3223
856  -12.2577
857  -12.2884
858  -12.2427
859  -12.319
860  -12.1671
861  -12.1417
862  -12.4541
863  -12.2493
864  -12.2259
865  -12.4726
866  -12.411
867  -12.1055
868  -12.1816
869  -12.3983
870  -12.3234
871  -12.35
872  -11.9681
873  -12.334
874  -12.3908
875  -12.1942
876  -12.6776
877  -12.4652
878  -12.1362
879  -12.6022
880  -12.1627
881  -12.0773
882  -12.1278
883  -12.2701
884  -12.2777
885  -12.3968
886  -12.4146
887  -12.2739
888  -12.2257
889  -12.2038
890  -12.3144
891  -11.9214
892  -12.0892
893  -12.5471
894  -11.9709
895  -12.1274
896  -12.3616
897  -12.2742
898  -12.3357
899  -12.3387
900  -12.1988
901  -12.5352
902  -11.8472
903  -12.2291
904  -12.3463
905  -12.2652
906  -12.5164
907  -12.2087
908  -12.3414
909  -11.9626
910  -12.1257
911  -12.2021
912  -11.7707
913  -12.2355
914  -12.2557
915  -12.0669
916  -12.3691
917  -12.2765
918  -12.2279
919  -12.2942
920  -12.1947
921  -12.2103
922  -12.2292
923  -12.2796
924  -12.3264
925  -12.3864
926  -12.4621
927  -11.8669
928  -12.0241
929  -12.3273
930  -12.4199
931  -12.1737
932  -12.2743
933  -12.5086
934  -12.2656
935  -12.5076
936  -12.3535
937  -12.3811
938  -12.2157
939  -12.4805
940  -11.9948
941  -12.0226
942  -12.2539
943  -12.4095
944  -12.4499
945  -12.4786
946  -12.3403
947  -12.364
948  -12.2532
949  -12.5628
950  -12.0733
951  -12.1221
952  -12.3473
953  -12.339
954  -12.3916
955  -11.8796
956  -12.3453
957  -12.0609
958  -12.1461
959  -12.3729
960  -12.1681
961  -12.202
962  -11.8095
963  -12.2254
964  -12.373
965  -12.2634
966  -12.0175
967  -12.2365
968  -11.8695
969  -12.5554
970  -12.1988
971  -12.2024
972  -12.4109
973  -12.4716
974  -12.3477
975  -12.3989
976  -12.1369
977  -12.4101
978  -12.2626
979  -12.4454
980  -12.1957
981  -12.123
982  -12.2844
983  -12.509
984  -12.3536
985  -12.4261
986  -11.9763
987  -11.9643
988  -12.1202
989  -12.126
990  -12.1494
991  -12.3036
992  -12.0972
993  -12.3135
994  -12.0036
995  -12.6253
996  -12.2684
997  -12.4158
998  -12.3264
999  -12.0492
1000  -12.4529
1001  -12.2509
1002  -12.3863
1003  -12.2941
1004  -12.2957
1005  -12.2406
1006  -12.1095
1007  -12.3166
1008  -12.1012
1009  -11.9876
1010  -12.2769
1011  -12.1865
1012  -12.332
1013  -12.1074
1014  -12.0673
1015  -12.3829
1016  -12.3683
1017  -12.1808
1018  -12.4657
1019  -11.9977
1020  -12.1837
1021  -12.3801
1022  -12.3376
1023  -12.2698
1024  -12.4071
1025  -12.1856
1026  -12.001
1027  -12.1352
1028  -12.4368
1029  -12.0247
1030  -12.0125
1031  -12.4525
1032  -12.3925
1033  -12.0032
1034  -12.0228
1035  -12.0136
1036  -12.3262
1037  -12.0458
1038  -12.1383
1039  -12.2794
1040  -12.2405
1041  -12.3289
1042  -12.4836
1043  -12.493
1044  -12.4139
1045  -12.4596
1046  -12.0754
1047  -12.2439
1048  -12.389
1049  -12.1814
1050  -12.2065
1051  -12.3989
1052  -12.1917
1053  -12.1918
1054  -12.3683
1055  -12.2292
1056  -12.3881
1057  -12.2317
1058  -12.3793
1059  -12.4604
1060  -12.486
1061  -12.2758
1062  -12.3692
1063  -12.1883
1064  -12.2011
1065  -12.162
1066  -12.1118
1067  -12.4106
1068  -12.2324
1069  -11.9756
1070  -12.571
1071  -12.1854
1072  -12.2468
1073  -12.3669
1074  -12.2234
1075  -12.3154
1076  -12.4664
1077  -12.2406
1078  -12.2789
1079  -12.2534
1080  -12.1759
1081  -12.4704
1082  -12.4492
1083  -12.1099
1084  -12.2381
1085  -12.1422
1086  -12.4776
1087  -12.2351
1088  -12.1436
1089  -12.4041
1090  -12.7822
1091  -12.2078
1092  -12.3483
1093  -12.2871
1094  -12.2636
1095  -12.3757
1096  -12.8454
1097  -11.9164
1098  -12.4306
1099  -12.5105
1100  -12.3797
1101  -12.1813
1102  -12.3227
1103  -12.4563
1104  -12.6415
1105  -12.4534
1106  -12.3901
1107  -12.6125
1108  -12.2797
1109  -12.1868
1110  -11.8616
1111  -12.1397
1112  -12.1093
1113  -12.2631
1114  -12.1268
1115  -12.4253
1116  -12.2143
1117  -12.1721
1118  -12.5243
1119  -12.1764
1120  -12.2421
1121  -12.3677
1122  -12.1319
1123  -12.4095
1124  -12.091
1125  -12.1331
1126  -12.3805
1127  -12.4303
1128  -12.3869
1129  -12.628
1130  -12.4355
1131  -12.1714
1132  -12.2709
1133  -12.2169
1134  -12.5377
1135  -12.4564
1136  -12.3429
1137  -12.3281
1138  -12.0424
1139  -12.5364
1140  -12.2441
1141  -12.2177
1142  -12.2539
1143  -12.5019
1144  -12.0369
1145  -12.4709
1146  -12.4808
1147  -12.2975
1148  -12.1497
1149  -12.2762
1150  -12.23
1151  -12.5202
1152  -12.369
1153  -12.3925
1154  -12.2336
1155  -12.4071
1156  -12.0656
1157  -12.1966
1158  -12.1532
1159  -12.2842
1160  -11.9568
1161  -12.3396
1162  -12.5971
1163  -12.4386
1164  -12.5333
1165  -12.4102
1166  -12.3085
1167  -12.3291
1168  -12.0772
1169  -12.2962
1170  -12.3568
1171  -12.1436
1172  -12.2704
1173  -12.3755
1174  -12.1937
1175  -12.2747
1176  -12.3325
1177  -11.76
1178  -12.2804
1179  -12.4503
1180  -12.2886
1181  -12.304
1182  -12.5271
1183  -12.4539
1184  -12.1283
1185  -12.2769
1186  -12.2571
1187  -12.6624
1188  -12.5427
1189  -12.295
1190  -12.5562
1191  -12.2145
1192  -12.5805
1193  -12.5967
1194  -12.1352
1195  -12.1757
1196  -12.4478
1197  -12.334
1198  -12.2922
1199  -12.2491
1200  -12.17
1201  -12.1294
1202  -12.0077
1203  -12.5023
1204  -12.4808
1205  -12.2319
1206  -12.1746
1207  -12.1811
1208  -12.1202
1209  -12.1521
1210  -12.1474
1211  -11.9952
1212  -12.2461
1213  -12.0077
1214  -12.5372
1215  -12.482
1216  -12.1284
1217  -12.2515
1218  -12.4392
1219  -12.2191
1220  -12.3329
1221  -12.0093
1222  -12.1711
1223  -12.296
1224  -12.2958
1225  -12.3421
1226  -12.1268
1227  -12.0741
1228  -12.3123
1229  -12.3144
1230  -12.3973
1231  -12.364
1232  -12.3239
1233  -12.4682
1234  -12.3981
1235  -12.5571
1236  -12.3261
1237  -12.1854
1238  -12.2874
1239  -12.6483
1240  -12.246
1241  -12.235
1242  -12.3108
1243  -12.186
1244  -12.1342
1245  -12.1745
1246  -12.6436
1247  -12.4569
1248  -12.0679
1249  -12.4231
1250  -12.5897
1251  -12.4359
1252  -12.3925
1253  -11.8762
1254  -12.2905
1255  -12.2481
1256  -12.2917
1257  -12.1313
1258  -12.2148
1259  -12.2696
1260  -12.2595
1261  -12.4212
1262  -12.319
1263  -12.6168
1264  -12.43
1265  -12.2699
1266  -12.2207
1267  -12.425
1268  -12.3564
1269  -12.3939
1270  -12.3331
1271  -12.2866
1272  -12.3402
1273  -12.1241
1274  -12.412
1275  -12.2143
1276  -12.0154
1277  -12.554
1278  -12.4011
1279  -11.8863
1280  -12.2732
1281  -12.9986
1282  -11.9704
1283  -12.1354
1284  -12.078
1285  -12.4874
1286  -12.3215
1287  -12.3383
1288  -12.0088
1289  -12.4132
1290  -12.4984
1291  -12.1771
1292  -12.5352
1293  -12.1123
1294  -12.3599
1295  -12.3324
1296  -12.1955
1297  -12.3073
1298  -12.1955
1299  -12.3124
1300  -12.2872
1301  -12.082
1302  -12.0203
1303  -11.9988
1304  -12.2766
1305  -12.393
1306  -12.072
1307  -12.673
1308  -12.207
1309  -12.2536
1310  -12.2832
1311  -12.4349
1312  -11.931
1313  -12.0995
1314  -12.0599
1315  -12.2159
1316  -12.0529
1317  -12.2505
1318  -12.0656
1319  -12.7286
1320  -12.5314
1321  -12.3055
1322  -12.2122
1323  -12.2155
1324  -12.5548
1325  -12.1497
1326  -12.5533
1327  -12.1191
1328  -12.1758
1329  -12.2436
1330  -12.4399
1331  -12.3569
1332  -12.3108
1333  -12.098
1334  -12.2811
1335  -12.2796
1336  -11.9614
1337  -12.3021
1338  -12.2968
1339  -12.3821
1340  -12.5637
1341  -12.3919
1342  -12.1772
1343  -12.3264
1344  -12.4769
1345  -12.3484
1346  -12.4199
1347  -12.4609
1348  -12.2319
1349  -12.6089
1350  -12.4064
1351  -12.2319
1352  -12.4582
1353  -12.3446
1354  -12.5034
1355  -12.3749
1356  -12.1308
1357  -12.3281
1358  -12.0761
1359  -12.0026
1360  -11.9721
1361  -12.1541
1362  -12.1246
1363  -12.3573
1364  -12.6933
1365  -12.3437
1366  -12.3526
1367  -12.1995
1368  -12.5598
1369  -12.1489
1370  -12.1932
1371  -12.4061
1372  -12.4396
1373  -12.4277
1374  -12.1933
1375  -12.3839
1376  -12.3251
1377  -12.3078
1378  -12.1429
1379  -12.4728
1380  -12.1054
1381  -12.2601
1382  -12.3798
1383  -12.3469
1384  -12.1529
1385  -12.3005
1386  -12.2414
1387  -12.4146
1388  -12.2003
1389  -12.473
1390  -12.5162
1391  -12.2917
1392  -12.3312
1393  -12.3809
1394  -12.0491
1395  -12.2112
1396  -12.2979
1397  -12.3559
1398  -12.2933
1399  -12.2364
1400  -12.195
1401  -12.2364
1402  -12.0531
1403  -12.3197
1404  -12.0004
1405  -12.1494
1406  -12.2175
1407  -12.4492
1408  -12.4491
1409  -12.4031
1410  -12.5368
1411  -12.2041
1412  -12.3852
1413  -12.3674
1414  -12.4331
1415  -12.1624
1416  -12.1513
1417  -12.1392
1418  -12.1502
1419  -12.2829
1420  -12.2483
1421  -12.3839
1422  -12.0533
1423  -12.633
1424  -12.3453
1425  -12.1377
1426  -12.3521
1427  -12.4704
1428  -11.9018
1429  -12.2984
1430  -12.3268
1431  -12.277
1432  -12.12
1433  -12.4328
1434  -12.3212
1435  -12.2475
1436  -12.0444
1437  -12.181
1438  -12.4193
1439  -12.3244
1440  -12.3289
1441  -12.31
1442  -12.4259
1443  -12.1258
1444  -12.0541
1445  -12.262
1446  -12.4682
1447  -12.3508
1448  -12.0333
1449  -12.3137
1450  -12.3517
1451  -12.0979
1452  -12.2856
1453  -12.0108
1454  -12.308
1455  -12.1966
1456  -12.3588
1457  -12.1557
1458  -12.3196
1459  -12.1967
1460  -12.4686
1461  -12.1305
1462  -12.5025
1463  -11.9307
1464  -12.0446
1465  -12.7952
1466  -12.1593
1467  -12.3217
1468  -11.8109
1469  -12.2443
1470  -12.2713
1471  -11.9125
1472  -11.8872
1473  -12.213
1474  -12.6204
1475  -12.2299
1476  -12.0109
1477  -11.8904
1478  -12.1626
1479  -12.176
1480  -12.4328
1481  -12.1652
1482  -12.5286
1483  -12.2249
1484  -12.1158
1485  -12.2584
1486  -12.2131
1487  -12.1763
1488  -12.2204
1489  -12.2601
1490  -12.2788
1491  -12.368
1492  -12.2329
1493  -12.2636
1494  -12.3276
1495  -12.3763
1496  -12.4742
1497  -12.0635
1498  -12.6146
1499  -12.1824
1500  -12.3566
501  1.1592
502  1.57213
503  1.41447
504  1.59668
505  2.00941
506  1.83698
507  1.16459
508  2.71823
509  2.3153
510  2.17314
511  3.19573
512  2.65823
513  2.36406
514  2.13185
515  1.55292
516  2.72075
517  2.19077
518  1.72821
519  1.27377
520  1.3958
521  1.8144
522  1.51833
523  2.28557
524  2.55492
525  2.02481
526  1.39917
527  1.94486
528  1.42955
529  2.32321
530  2.08495
531  2.05571
532  1.94603
533  2.42005
534  1.97844
535  2.7132
536  1.84914
537  2.7567
538  2.21337
539  2.00695
540  1.3577
541  2.41505
542  3.18596
543  2.79942
544  2.31316
545  1.86685
546  2.23765
547  4.03972
548  -0.098275
549  2.71523
550  1.60843
551  2.19673
552  2.77877
553  2.29482
554  1.8847
555  2.26543
556  2.89818
557  1.70548
558  1.64693
559  2.21731
560  1.51991
561  3.00724
562  2.06757
563  1.72915
564  1.53393
565  2.15217
566  2.45208
567  1.33389
568  1.59566
569  2.53062
570  1.84114
571  2.38338
572  2.17
573  2.41675
574  0.826225
575  1.74841
576  2.05935
577  1.41407
578  1.53251
579  2.54407
580  2.55129
581  2.0171
582  2.75747
583  1.77739
584  2.18287
585  1.71618
586  2.93196
587  1.65999
588  1.52339
589  2.21828
590  1.92398
591  1.56737
592  3.10367
593  1.44031
594  1.64739
595  3.0257
596  1.76903
597  3.62284
598  1.52928
599  2.68328
600  2.14447
601  2.14475
602  2.70552
603  2.80616
604  2.50902
605  1.94419
606  2.01306
607  2.41918
608  1.33334
609  2.5136
610  2.86792
611  2.65576
612  1.35309
613  2.56687
614  2.35874
615  3.48542
616  1.97891
617  1.56734
618  1.36937
619  2.50771
620  2.23176
621  2.40686
622  1.56543
623  2.68732
624  2.67681
625  2.52308
626  1.88429
627  1.04662
628  1.63716
629  2.20053
630  1.36096
631  2.0684
632  1.72537
633  2.24649
634  2.37857
635  1.50524
636  1.84914
637  2.92304
638  2.0074
639  2.4403
640  1.93445
641  2.59207
642  2.03765
643  1.75701
644  2.42062
645  2.18064
646  1.72144
647  1.88561
648  2.3367
649  2.27105
650  1.98087
651  2.64354
652  2.05094
653  1.63118
654  1.74213
655  2.25604
656  2.27221
657  1.39582
658  2.14113
659  2.04107
660  1.40391
661  1.58124
662  1.76415
663  1.43252
664  2.37654
665  0.414174
666  1.19957
667  2.55602
668  1.86967
669  1.82297
670  1.69088
671  2.63904
672  2.26356
673  2.30662
674  1.36052
675  2.43606
676  1.55572
677  2.11059
678  1.93645
679  1.33683
680  2.33082
681  1.61667
682  1.85289
683  2.48779
684  1.93012
685  2.6633
686  1.91858
687  2.29541
688  2.54284
689  2.57554
690  2.50236
691  2.37001
692  1.69638
693  2.74475
694  2.30713
695  2.41238
696  1.3802
697  1.60814
698  1.85455
699  2.96505
700  1.47684
701  1.95058
702  2.50947
703  2.09068
704  2.07254
705  2.11435
706  3.29
707  2.85989
708  2.10757
709  1.50713
710  2.55727
711  2.38478
712  1.64071
713  2.20557
714  2.2163
715  2.63657
716  2.19314
717  2.03504
718  2.23405
719  1.7314
720  0.773497
721  1.28456
722  1.08308
723  2.55049
724  1.76936
725  1.72066
726  1.06783
727  2.62555
728  1.79803
729  1.81806
730  2.17965
731  2.36362
732  2.37197
733  1.56399
734  2.17672
735  2.25531
736  2.03813
737  2.26467
738  1.77932
739  2.59038
740  2.37991
741  2.75988
742  2.21749
743  2.32456
744  1.80658
745  1.86673
746  1.26611
747  2.6254
748  2.26982
749  1.54763
750  2.15224
751  2.46275
752  1.93691
753  2.26419
754  2.43678
755  2.41673
756  2.24258
757  2.79158
758  2.09056
759  2.28135
760  2.54595
761  1.39159
762  1.60096
763  2.39482
764  1.81399
765  2.9309
766  2.15342
767  2.28503
768  2.3439
769  1.6235
770  2.21867
771  2.02623
772  2.40684
773  2.35236
774  2.4084
775  1.3921
776  2.28483
777  1.72194
778  2.14318
779  1.57545
780  2.41821
781  2.59635
782  2.60169
783  1.67628
784  2.42511
785  1.62679
786  1.24298
787  1.66427
788  2.84212
789  3.23174
790  1.91554
791  2.97062
792  2.06947
793  1.90897
794  2.00735
795  1.81711
796  1.82123
797  2.28972
798  1.79756
799  1.84128
800  1.79423
801  1.39047
802  2.31309
803  2.84099
804  2.24797
805  2.53534
806  1.35898
807  1.94381
808  2.541
809  2.98165
810  2.19807
811  2.0296
812  2.63943
813  2.89351
814  2.112
815  0.392331
816  1.02118
817  1.39731
818  1.36574
819  1.82085
820  3.2776
821  1.77121
822  2.40519
823  1.69288
824  2.72225
825  1.96197
826  1.5367
827  2.75335
828  1.57815
829  2.08376
830  2.00193
831  2.61267
832  1.65435
833  2.39107
834  1.92106
835  2.80502
836  3.08385
837  1.59304
838  2.11219
839  2.61104
840  2.11592
841  2.12638
842  1.74044
843  1.83249
844  2.32554
845  3.37076
846  3.30833
847  2.24819
848  2.62214
849  2.24921
850  1.43212
851  1.65097
852  1.90706
853  1.5819
854  2.70596
855  1.59753
856  1.81809
857  2.63956
858  2.06175
859  1.87353
860  2.37763
861  2.74701
862  1.22436
863  2.90713
864  1.86239
865  2.26907
866  1.69849
867  2.81465
868  2.8149
869  2.33782
870  1.88259
871  2.09331
872  2.14886
873  1.62509
874  2.98565
875  2.33311
876  2.27972
877  2.13127
878  2.12917
879  0.977032
880  2.37139
881  1.88166
882  2.57212
883  1.11377
884  3.09929
885  1.81202
886  2.60597
887  2.19561
888  1.7667
889  0.941251
890  2.20955
891  1.88278
892  1.89065
893  1.4801
894  2.31427
895  1.73441
896  1.823
897  2.71236
898  2.80467
899  0.710148
900  3.00478
901  2.08242
902  2.94332
903  1.03043
904  1.80017
905  1.9249
906  2.80393
907  1.99851
908  2.38645
909  3.04151
910  2.48881
911  1.63163
912  1.85364
913  2.52383
914  2.49325
915  1.70422
916  2.32151
917  1.53527
918  2.34796
919  1.26746
920  1.72211
921  1.59462
922  2.01884
923  3.16485
924  1.57697
925  2.29222
926  2.46732
927  2.81009
928  1.57939
929  2.04975
930  2.87117
931  1.81069
932  2.01236
933  2.80969
934  1.95387
935  1.39052
936  1.81394
937  2.59344
938  1.82236
939  2.64871
940  0.847379
941  1.66974
942  1.69741
943  2.35097
944  1.50107
945  2.05828
946  2.256
947  2.22034
948  3.37402
949  2.07046
950  2.05861
951  2.77462
952  1.75855
953  1.59596
954  2.2723
955  2.57597
956  1.13155
957  2.29943
958  2.19444
959  1.71397
960  2.28457
961  2.58971
962  2.05777
963  2.54236
964  2.01972
965  1.069
966  1.72079
967  1.69296
968  1.52813
969  2.14267
970  1.51471
971  2.37038
972  1.54498
973  1.97277
974  1.86018
975  2.08585
976  1.97139
977  1.65166
978  3.06705
979  2.35141
980  1.9561
981  1.37136
982  1.9565
983  2.50002
984  1.88898
985  1.8574
986  3.93298
987  3.51396
988  2.80606
989  1.67885
990  0.533781
991  2.07033
992  0.494502
993  2.26406
994  1.95433
995  2.21363
996  3.44057
997  2.74906
998  2.05179
999  1.72785
1000  2.97507
1001  2.05301
1002  2.14286
1003  2.09413
1004  2.43061
1005  3.42526
1006  1.24634
1007  1.95955
1008  1.7867
1009  1.24019
1010  1.52403
1011  2.77782
1012  2.32573
1013  2.12453
1014  2.20743
1015  1.16389
1016  3.17051
1017  2.11321
1018  1.63885
1019  1.98691
1020  3.01078
1021  1.38871
1022  1.94785
1023  2.62654
1024  2.00265
1025  2.38385
1026  1.93088
1027  1.77952
1028  2.30591
1029  1.7996
1030  1.51255
1031  2.52816
1032  2.67803
1033  2.65527
1034  2.16018
1035  2.19795
1036  2.82465
1037  1.1036
1038  2.35755
1039  1.98703
1040  2.09935
1041  2.82925
1042  2.34192
1043  2.98591
1044  1.94895
1045  2.43279
1046  2.3697
1047  1.91585
1048  1.30846
1049  2.22115
1050  2.22044
1051  2.29353
1052  1.64913
1053  1.88408
1054  1.95785
1055  1.20721
1056  1.92419
1057  1.98128
1058  2.37858
1059  2.58081
1060  2.34369
1061  1.9366
1062  1.57617
1063  2.44967
1064  1.53346
1065  1.79685
1066  1.82356
1067  2.1954
1068  2.01412
1069  2.68907
1070  2.3726
1071  3.23212
1072  1.63608
1073  1.72248
1074  2.36563
1075  2.51109
1076  2.00442
1077  2.90516
1078  2.88218
1079  1.46645
1080  1.65079
1081  2.58066
1082  3.00275
1083  2.28755
1084  1.93567
1085  2.34113
1086  2.08361
1087  2.98539
1088  2.96757
1089  1.69147
1090  1.7741
1091  1.5469
1092  1.85616
1093  2.69732
1094  1.84432
1095  2.89296
1096  2.52286
1097  2.21119
1098  2.51135
1099  2.52335
1100  2.1682
1101  3.07107
1102  2.07389
1103  3.38906
1104  2.79244
1105  2.57085
1106  2.65444
1107  2.92304
1108  1.80503
1109  2.29237
1110  1.00457
1111  1.38297
1112  1.66414
1113  2.61399
1114  1.65319
1115  3.32436
1116  2.62483
1117  1.77101
1118  1.72133
1119  2.43952
1120  1.32545
1121  3.0936
1122  1.63953
1123  2.25501
1124  1.85094
1125  1.65542
1126  2.4841
1127  2.21372
1128  3.12213
1129  1.48595
1130  2.68251
1131  1.74826
1132  1.30623
1133  1.65221
1134  1.84091
1135  2.08491
1136  1.97682
1137  2.37907
1138  1.71205
1139  2.52077
1140  2.68708
1141  2.02648
1142  1.76629
1143  1.32379
1144  2.78114
1145  1.97629
1146  1.54385
1147  1.74284
1148  2.49801
1149  2.03133
1150  1.44622
1151  1.84812
1152  1.78422
1153  3.13858
1154  1.97556
1155  2.04123
1156  2.81977
1157  2.18544
1158  2.30923
1159  2.49032
1160  2.01035
1161  1.672
1162  2.03552
1163  3.27437
1164  1.23
1165  2.49672
1166  2.22562
1167  1.67693
1168  2.34986
1169  2.16119
1170  2.07328
1171  2.32528
1172  1.89714
1173  2.70285
1174  1.7286
1175  2.45465
1176  2.68978
1177  2.48595
1178  1.9161
1179  2.27601
1180  1.94784
1181  2.79609
1182  1.8844
1183  1.63825
1184  2.29466
1185  2.33585
1186  2.02877
1187  2.36722
1188  2.58013
1189  2.47937
1190  1.60106
1191  2.68644
1192  2.33393
1193  2.95144
1194  2.35943
1195  1.82204
1196  2.47781
1197  3.00201
1198  1.35632
1199  2.55513
1200  2.69085
1201  2.90249
1202  2.95578
1203  2.39462
1204  2.68663
1205  2.01375
1206  1.82129
1207  2.43561
1208  2.13558
1209  2.42152
1210  1.92435
1211  1.32731
1212  1.9617
1213  1.56304
1214  2.87244
1215  1.94793
1216  2.6488
1217  2.58131
1218  2.41447
1219  2.49756
1220  2.22359
1221  2.07474
1222  2.75135
1223  3.18758
1224  1.14211
1225  2.07863
1226  2.02789
1227  1.41572
1228  2.06421
1229  0.809099
1230  2.33721
1231  2.14782
1232  1.6768
1233  2.09266
1234  2.63425
1235  1.75708
1236  2.29026
1237  1.91058
1238  1.82294
1239  3.29024
1240  2.52862
1241  2.38675
1242  2.51351
1243  2.95464
1244  1.89976
1245  1.23415
1246  1.51552
1247  2.28554
1248  2.27854
1249  1.88267
1250  2.40934
1251  2.45234
1252  2.15282
1253  1.32242
1254  1.06806
1255  2.09688
1256  1.9299
1257  1.66278
1258  3.5484
1259  2.16928
1260  2.31498
1261  1.691
1262  2.3161
1263  2.24187
1264  2.24594
1265  1.74484
1266  2.3399
1267  2.26242
1268  2.24536
1269  1.71914
1270  1.80449
1271  1.32475
1272  1.96028
1273  2.51271
1274  2.08956
1275  2.06743
1276  2.1248
1277  2.06819
1278  2.09969
1279  1.64043
1280  2.07134
1281  3.33141
1282  2.56409
1283  2.51788
1284  1.60848
1285  1.67377
1286  1.74792
1287  2.3447
1288  1.50701
1289  2.62081
1290  1.69073
1291  2.17697
1292  1.30776
1293  2.17607
1294  2.16821
1295  3.33564
1296  2.45722
1297  1.58266
1298  1.90827
1299  2.37809
1300  2.86179
1301  2.07985
1302  1.37592
1303  2.48649
1304  2.11597
1305  1.87202
1306  0.994881
1307  2.64244
1308  1.87579
1309  1.67421
1310  2.50041
1311  2.71862
1312  -0.450959
1313  1.63346
1314  1.84001
1315  1.54348
1316  1.39658
1317  2.2323
1318  1.64031
1319  1.84375
1320  2.33095
1321  2.8595
1322  2.00282
1323  2.0348
1324  1.80173
1325  2.06266
1326  1.8906
1327  1.66535
1328  2.50425
1329  2.5205
1330  1.88671
1331  2.75607
1332  2.25029
1333  1.4433
1334  2.00721
1335  3.03858
1336  1.19236
1337  2.16935
1338  1.47987
1339  2.44211
1340  2.52434
1341  1.93235
1342  2.15359
1343  2.02656
1344  2.64203
1345  2.7804
1346  2.45567
1347  2.14606
1348  2.28185
1349  2.13856
1350  1.90587
1351  1.79289
1352  2.04865
1353  2.38191
1354  1.91075
1355  2.15576
1356  1.91764
1357  1.52551
1358  2.13061
1359  1.49106
1360  1.20841
1361  2.1954
1362  1.12604
1363  2.30379
1364  2.09444
1365  2.0365
1366  3.81817
1367  1.97831
1368  2.78022
1369  1.78544
1370  0.719895
1371  2.20409
1372  1.70029
1373  1.22131
1374  2.78502
1375  1.47994
1376  1.90969
1377  2.89567
1378  2.77151
1379  1.49643
1380  1.86565
1381  0.88539
1382  1.97828
1383  1.99815
1384  1.23931
1385  1.12812
1386  1.54109
1387  1.48037
1388  2.32059
1389  2.54372
1390  1.11338
1391  1.55792
1392  2.09022
1393  3.08499
1394  2.02907
1395  2.35859
1396  1.85455
1397  1.96628
1398  2.49674
1399  2.02868
1400  2.7719
1401  1.92896
1402  2.25294
1403  2.05763
1404  1.92621
1405  1.40086
1406  1.93212
1407  2.98767
1408  2.20727
1409  2.40446
1410  3.23893
1411  2.40714
1412  1.83414
1413  2.25986
1414  1.98817
1415  1.72802
1416  1.87927
1417  2.01915
1418  1.4789
1419  1.30321
1420  1.36703
1421  2.41234
1422  1.84053
1423  1.99715
1424  1.93085
1425  2.63998
1426  2.39126
1427  2.34463
1428  2.1374
1429  2.38893
1430  1.14488
1431  1.83872
1432  2.88231
1433  1.81011
1434  1.57538
1435  2.07665
1436  2.30755
1437  2.17776
1438  1.86339
1439  2.27201
1440  1.29955
1441  1.421
1442  1.96009
1443  1.62853
1444  1.56547
1445  1.00157
1446  2.33069
1447  1.83399
1448  1.85098
1449  1.25627
1450  2.41453
1451  1.86758
1452  2.2625
1453  1.55113
1454  2.07891
1455  1.23814
1456  2.23896
1457  2.3356
1458  1.70268
1459  2.5786
1460  2.5104
1461  1.90939
1462  2.41475
1463  2.33691
1464  1.5852
1465  1.96869
1466  1.99608
1467  2.71296
1468  1.31902
1469  1.46136
1470  1.14855
1471  1.3184
1472  1.49334
1473  0.948048
1474  2.98262
1475  2.60022
1476  1.03871
1477  2.10303
1478  1.59772
1479  2.37719
1480  2.14504
1481  2.74926
1482  1.59617
1483  2.41023
1484  1.87396
1485  2.64761
1486  2.15665
1487  1.94288
1488  2.15319
1489  2.12282
1490  2.33117
1491  2.36361
1492  2.23298
1493  2.51721
1494  2.75658
1495  1.63221
1496  2.77288
1497  1.6875
1498  2.02912
1499  2.4682
1500  2.83356
501  0.70241
502  0.734524
503  0.58268
504  1.34728
505  0.693181
506  0.718366
507  0.722668
508  0.71622
509  0.577061
510  0.690879
511  0.645611
512  0.80781
513  0.889631
514  0.805216
515  0.815964
516  0.821427
517  0.862347
518  0.764706
519  0.775867
520  0.669407
521  0.809527
522  0.781639
523  0.541668
524  0.672246
525  0.859815
526  0.676315
527  0.739427
528  0.537889
529  0.664734
530  0.672651
531  0.735611
532  0.613646
533  0.761482
534  0.66782
535  0.635835
536  0.617611
537  0.512406
538  0.689317
539  0.691676
540  0.540642
541  0.565812
542  0.668538
543  0.581508
544  0.591998
545  0.565961
546  0.569557
547  0.606211
548  0.611359
549  0.902359
550  0.918011
551  0.558248
552  0.928371
553  0.57994
554  0.494506
555  1.12184
556  0.870407
557  0.750341
558  0.700427
559  0.74728
560  0.779407
561  0.731581
562  0.666467
563  0.700715
564  0.83029
565  0.740929
566  0.688122
567  0.753573
568  0.779368
569  0.779119
570  0.670463
571  0.720363
572  0.851235
573  0.798057
574  0.595239
575  0.953983
576  0.977752
577  0.745804
578  0.771536
579  0.837999
580  0.678987
581  0.587635
582  0.690521
583  0.68307
584  0.717939
585  0.930855
586  0.875703
587  0.957246
588  0.857971
589  0.570701
590  0.569932
591  0.728609
592  0.608304
593  0.852521
594  0.602775
595  0.630345
596  0.635881
597  0.628837
598  0.764961
599  0.613844
600  0.637952
601  0.604439
602  0.487075
603  0.502632
604  0.504703
605  0.625672
606  0.686167
607  0.724166
608  0.957074
609  0.791718
610  0.907512
611  0.715545
612  1.00339
613  0.49768
614  1.00182
615  0.56534
616  0.553496
617  0.906732
618  0.614742
619  0.712142
620  0.711686
621  1.04091
622  0.730651
623  1.01777
624  0.772321
625  0.838959
626  0.666077
627  0.721425
628  0.743183
629  0.737709
630  0.800354
631  0.734883
632  0.583267
633  0.551579
634  0.635954
635  0.693036
636  0.608236
637  0.789198
638  0.797767
639  0.611777
640  0.588948
641  0.74088
642  0.883467
643  0.838835
644  0.722872
645  0.649349
646  0.68922
647  0.649642
648  0.705882
649  0.627153
650  0.958
651  0.542627
652  0.512462
653  0.592038
654  0.753878
655  0.68719
656  0.63678
657  0.860841
658  0.95839
659  0.785186
660  0.648921
661  0.672197
662  0.661827
663  0.746585
664  0.657912
665  0.770765
666  0.74434
667  0.615113
668  0.820279
669  0.903134
670  0.579134
671  0.60397
672  0.98291
673  0.561809
674  0.540197
675  0.565948
676  0.624189
677  0.551393
678  0.529585
679  0.8199
680  0.768035
681  0.845111
682  0.728699
683  0.726502
684  0.747487
685  0.977048
686  0.626066
687  0.965364
688  0.756057
689  0.650678
690  0.619038
691  0.965042
692  0.908533
693  0.653234
694  0.880087
695  0.759197
696  0.66733
697  0.551598
698  0.819283
699  0.746704
700  0.759862
701  0.959133
702  0.642161
703  0.701819
704  0.744177
705  0.981572
706  0.737333
707  0.774831
708  0.747456
709  0.965945
710  0.656953
711  0.67158
712  0.586114
713  0.575242
714  0.589955
715  0.62813
716  0.869461
717  0.712443
718  0.857378
719  0.544825
720  0.535576
721  0.536393
722  0.567607
723  0.706412
724  0.605866
725  0.74785
726  0.811295
727  0.746359
728  0.864291
729  0.842233
730  0.778688
731  0.836478
732  0.691879
733  0.610449
734  0.70045
735  0.798767
736  0.616529
737  0.918853
738  0.911712
739  0.633859
740  0.798258
741  0.797207
742  0.567198
743  0.611674
744  0.482269
745  1.10981
746  1.09638
747  0.986744
748  0.74345
749  0.980814
750  0.908143
751  1.13761
752  1.07529
753  1.05021
754  0.704064
755  0.697891
756  0.723476
757  0.654204
758  0.612573
759  0.510068
760  0.552119
761  0.539844
762  0.463344
763  0.463004
764  0.527404
765  0.569928
766  0.974447
767  0.927759
768  0.620964
769  0.593289
770  0.743194
771  0.947539
772  0.841201
773  0.759713
774  0.556896
775  0.48425
776  0.443595
777  0.59971
778  0.612722
779  0.638779
780  0.748283
781  0.74911
782  0.631413
783  0.637959
784  0.607848
785  0.828491
786  0.97405
787  0.466627
788  0.673669
789  0.641171
790  0.654131
791  0.617473
792  1.00884
793  0.996362
794  0.593365
795  0.508186
796  0.608703
797  0.650815
798  0.67515
799  0.69809
800  0.723361
801  0.620068
802  0.836318
803  0.85983
804  0.888079
805  0.56721
806  0.562034
807  0.55571
808  1.09581
809  0.826614
810  0.520448
811  0.678556
812  0.679443
813  0.733479
814  0.688126
815  0.702139
816  0.724059
817  0.743007
818  0.66082
819  0.616394
820  0.639412
821  0.728994
822  0.750907
823  0.628288
824  0.826532
825  0.760677
826  0.692986
827  0.525825
828  0.534019
829  0.927251
830  0.719881
831  0.704416
832  1.07461
833  0.575415
834  0.628755
835  0.458046
836  0.451156
837  0.44858
838  0.804448
839  0.748095
840  0.737369
841  0.753818
842  0.654743
843  0.603688
844  0.60357
845  0.642861
846  0.484971
847  0.497822
848  0.530563
849  0.58223
850  0.740923
851  0.784028
852  0.871072
853  1.03036
854  0.546384
855  0.483824
856  0.474142
857  0.475929
858  0.534638
859  0.523741
860  0.532228
861  0.647951
862  0.617044
863  0.637982
864  0.718815
865  0.708213
866  0.811413
867  0.784136
868  0.97003
869  0.575273
870  0.66583
871  0.944655
872  0.685168
873  0.907354
874  0.650623
875  0.569869
876  0.638141
877  0.94058
878  0.725365
879  0.801987
880  0.865656
881  0.826354
882  0.518816
883  0.489063
884  0.579361
885  0.56265
886  0.651562
887  0.637294
888  0.511609
889  0.748659
890  0.573938
891  0.632147
892  0.781199
893  0.77982
894  0.908738
895  0.720553
896  0.622446
897  0.583728
898  0.567173
899  1.13989
900  0.810843
901  0.641931
902  0.845117
903  0.790539
904  0.793957
905  0.76
906  0.77224
907  0.695128
908  0.836186
909  0.7552
910  0.796673
911  0.718703
912  0.751994
913  0.6884
914  0.667311
915  0.608495
916  0.879743
917  0.605665
918  0.567477
919  0.511505
920  0.439904
921  0.453188
922  0.44389
923  0.454512
924  1.12175
925  0.858175
926  0.618214
927  1.01552
928  0.869217
929  0.746354
930  0.534762
931  0.611995
932  0.903492
933  0.569887
934  0.601726
935  0.710554
936  0.677044
937  0.63986
938  0.788743
939  0.687233
940  0.707113
941  0.761308
942  0.561187
943  0.540045
944  0.538215
945  0.544514
946  0.621668
947  0.822671
948  0.677474
949  0.707474
950  0.588501
951  0.709642
952  0.778766
953  0.740502
954  0.66131
955  0.656328
956  0.691786
957  0.661839
958  0.633644
959  0.875076
960  0.578119
961  0.676426
962  0.931947
963  0.852177
964  0.65207
965  0.641995
966  0.669053
967  0.786658
968  0.850855
969  0.872437
970  0.729204
971  0.765592
972  0.822905
973  0.818146
974  0.898566
975  0.653457
976  0.682378
977  0.571489
978  0.620264
979  0.706142
980  0.641382
981  0.665636
982  0.766261
983  0.87413
984  0.550415
985  0.96493
986  0.654392
987  1.03301
988  1.02029
989  0.594781
990  0.641321
991  0.625403
992  0.60483
993  0.558559
994  0.698779
995  0.615247
996  0.644503
997  0.639172
998  0.75418
999  0.658086
1000  0.727
1001  0.761754
1002  0.618115
1003  0.5669
1004  0.727432
1005  0.551909
1006  0.610694
1007  0.625462
1008  0.629513
1009  0.720016
1010  0.617166
1011  0.661646
1012  0.564024
1013  0.546197
1014  0.583193
1015  0.529204
1016  0.592787
1017  0.602192
1018  0.843817
1019  0.692726
1020  1.00348
1021  0.705382
1022  0.653676
1023  0.64889
1024  0.766251
1025  0.703837
1026  0.669742
1027  0.864752
1028  0.636066
1029  0.638382
1030  0.651298
1031  0.665391
1032  0.686495
1033  0.950046
1034  0.574317
1035  1.04627
1036  1.08531
1037  0.523615
1038  0.523764
1039  0.544189
1040  0.609553
1041  0.605012
1042  0.652447
1043  0.653997
1044  0.696294
1045  0.616508
1046  0.597081
1047  0.628346
1048  0.800466
1049  0.723709
1050  0.684208
1051  0.633387
1052  0.700698
1053  0.681345
1054  0.647358
1055  0.638446
1056  0.678841
1057  0.703409
1058  0.749905
1059  0.995694
1060  0.87738
1061  0.698683
1062  0.800469
1063  0.654201
1064  0.692294
1065  0.782909
1066  0.752808
1067  0.709254
1068  0.643717
1069  0.835303
1070  0.79577
1071  0.880882
1072  0.735225
1073  0.949311
1074  0.737219
1075  0.659658
1076  0.748038
1077  0.645146
1078  0.641388
1079  0.610798
1080  0.751038
1081  0.678117
1082  0.65403
1083  0.61964
1084  0.515531
1085  0.713933
1086  0.759563
1087  0.823596
1088  0.663865
1089  0.597612
1090  0.878354
1091  0.697246
1092  0.602679
1093  0.600277
1094  0.603808
1095  0.617415
1096  0.616393
1097  0.614049
1098  0.656902
1099  0.972346
1100  0.549895
1101  0.544294
1102  0.700705
1103  0.818996
1104  0.572661
1105  0.790681
1106  0.727538
1107  0.945618
1108  0.707212
1109  0.727563
1110  0.806242
1111  0.702714
1112  0.596346
1113  0.828958
1114  0.649107
1115  0.699647
1116  0.678197
1117  0.749664
1118  0.752812
1119  0.816723
1120  0.699202
1121  0.77515
1122  0.76166
1123  0.716921
1124  0.576034
1125  0.608912
1126  0.595317
1127  0.558831
1128  0.623986
1129  0.649058
1130  0.799433
1131  0.728608
1132  0.702118
1133  0.630142
1134  0.695896
1135  0.767644
1136  0.597776
1137  0.631843
1138  0.621614
1139  0.784087
1140  0.78594
1141  0.713205
1142  0.673285
1143  0.622199
1144  0.812937
1145  0.815634
1146  0.779816
1147  0.736081
1148  0.849112
1149  0.596683
1150  0.573959
1151  0.62663
1152  0.621156
1153  0.514877
1154  0.537
1155  0.511042
1156  0.942067
1157  0.759138
1158  0.72071
1159  0.761219
1160  0.652
1161  0.723127
1162  0.652545
1163  0.69995
1164  0.802069
1165  0.818062
1166  0.694396
1167  0.7935
1168  0.799071
1169  0.645891
1170  0.705568
1171  0.691278
1172  0.68969
1173  0.715915
1174  0.568253
1175  0.544531
1176  0.563221
1177  0.847378
1178  0.814142
1179  0.848054
1180  0.650693
1181  0.753008
1182  0.658882
1183  0.754567
1184  0.76942
1185  0.770479
1186  0.72056
1187  0.681951
1188  0.756884
1189  0.62746
1190  0.795222
1191  0.700552
1192  0.798957
1193  0.724165
1194  0.925215
1195  0.529734
1196  0.618788
1197  0.911528
1198  0.55708
1199  0.56589
1200  0.684819
1201  0.664682
1202  0.719129
1203  0.698634
1204  0.838132
1205  1.00281
1206  0.660308
1207  0.697623
1208  0.678284
1209  0.834795
1210  0.694925
1211  0.896162
1212  0.713547
1213  0.742159
1214  0.883501
1215  0.637037
1216  0.728566
1217  0.63145
1218  0.600803
1219  0.753984
1220  0.697237
1221  0.720741
1222  0.723834
1223  0.659219
1224  0.635383
1225  0.574581
1226  0.586044
1227  0.537867
1228  0.611655
1229  0.615666
1230  0.651385
1231  0.911004
1232  0.55355
1233  1.00862
1234  1.04465
1235  1.01803
1236  0.638826
1237  0.666478
1238  0.634076
1239  0.825016
1240  0.735182
1241  0.738714
1242  0.698672
1243  0.764143
1244  0.6764
1245  0.753614
1246  0.691994
1247  0.741267
1248  0.800891
1249  0.974427
1250  0.980168
1251  0.810392
1252  0.767497
1253  0.851601
1254  0.65856
1255  0.698538
1256  0.573724
1257  0.813052
1258  0.563449
1259  0.670384
1260  0.648092
1261  0.816562
1262  0.650354
1263  0.710293
1264  0.878179
1265  0.854786
1266  0.582421
1267  0.556832
1268  0.515792
1269  0.53032
1270  0.625468
1271  0.695864
1272  0.675941
1273  0.565601
1274  0.588571
1275  0.656586
1276  0.611171
1277  0.632301
1278  0.585168
1279  0.910328
1280  0.9902
1281  1.01756
1282  1.02423
1283  0.747614
1284  0.867849
1285  0.64375
1286  0.56573
1287  0.563515
1288  0.569476
1289  0.549075
1290  0.747965
1291  0.783266
1292  0.68145
1293  0.611662
1294  0.641894
1295  0.585486
1296  0.729812
1297  0.598786
1298  0.572033
1299  0.542736
1300  0.667002
1301  0.712925
1302  0.687492
1303  0.882942
1304  0.747999
1305  0.71874
1306  0.564353
1307  0.677919
1308  0.685621
1309  0.767859
1310  0.648438
1311  0.588669
1312  0.734329
1313  0.78398
1314  0.932254
1315  0.650348
1316  0.636572
1317  0.581229
1318  0.625788
1319  0.689359
1320  0.73355
1321  0.838601
1322  0.699273
1323  0.73604
1324  0.769482
1325  0.845542
1326  0.967282
1327  0.876309
1328  0.593193
1329  0.733568
1330  0.67286
1331  0.602061
1332  0.636861
1333  0.621736
1334  0.619269
1335  0.667555
1336  0.585304
1337  0.935592
1338  1.23252
1339  0.726379
1340  0.708575
1341  0.829661
1342  0.589048
1343  0.630233
1344  0.688134
1345  0.687169
1346  0.600162
1347  0.737414
1348  0.686892
1349  0.842235
1350  1.19224
1351  0.558764
1352  1.24211
1353  1.09056
1354  0.796336
1355  0.95971
1356  0.874241
1357  0.705132
1358  0.769191
1359  0.706641
1360  0.687685
1361  0.551905
1362  0.451827
1363  1.2526
1364  1.20661
1365  1.22117
1366  0.784134
1367  0.587831
1368  0.759973
1369  0.95149
1370  0.9088
1371  0.564967
1372  0.605483
1373  0.562039
1374  1.14799
1375  1.13334
1376  0.659868
1377  0.552587
1378  0.775499
1379  0.718444
1380  0.698675
1381  0.511336
1382  0.566473
1383  0.664844
1384  0.623495
1385  0.556526
1386  0.814837
1387  0.611354
1388  0.62943
1389  0.796556
1390  0.771104
1391  0.755683
1392  0.77294
1393  0.742733
1394  0.73728
1395  0.868219
1396  1.06955
1397  0.519423
1398  0.543193
1399  0.540041
1400  0.67145
1401  0.676969
1402  0.640158
1403  0.769558
1404  0.659153
1405  0.690127
1406  0.618886
1407  0.620011
1408  0.780464
1409  0.748571
1410  0.761662
1411  0.899949
1412  0.524142
1413  0.653938
1414  0.692835
1415  0.544915
1416  0.53686
1417  0.751256
1418  0.607422
1419  0.65812
1420  0.7651
1421  0.678837
1422  0.765026
1423  0.726239
1424  0.724178
1425  0.658567
1426  0.625744
1427  0.616012
1428  0.615625
1429  0.609783
1430  0.686387
1431  0.748338
1432  0.656702
1433  0.66118
1434  0.790154
1435  0.683445
1436  0.772439
1437  0.545484
1438  0.751079
1439  0.562064
1440  0.731421
1441  0.631313
1442  0.647007
1443  0.682927
1444  0.867198
1445  0.624208
1446  0.533071
1447  0.518131
1448  0.970076
1449  0.671353
1450  0.569629
1451  0.574119
1452  0.666564
1453  0.766176
1454  0.769885
1455  0.556658
1456  0.742508
1457  0.699595
1458  0.74259
1459  1.0698
1460  0.903978
1461  0.598639
1462  0.732157
1463  0.96281
1464  0.624381
1465  1.04459
1466  0.827903
1467  0.847839
1468  0.586207
1469  0.637726
1470  0.788697
1471  0.814182
1472  0.744128
1473  0.901812
1474  0.773401
1475  0.875509
1476  0.929318
1477  0.709097
1478  0.761102
1479  0.621812
1480  0.742255
1481  0.896193
1482  0.803694
1483  0.782762
1484  0.686975
1485  0.68777
1486  0.764892
1487  0.519468
1488  0.994776
1489  0.511633
1490  0.527017
1491  0.476589
1492  0.465465
1493  0.562864
1494  1.01166
1495  0.681037
1496  0.845453
1497  0.776356
1498  0.842907
1499  1.15002
1500  0.731082
501  2.22912
502  1.95753
503  2.01977
504  2.1847
505  1.9923
506  1.7479
507  2.88517
508  2.4672
509  1.61602
510  1.94285
511  2.15688
512  2.14321
513  2.63152
514  2.29622
515  2.54292
516  2.31683
517  2.3828
518  2.07989
519  2.10743
520  2.03867
521  2.04199
522  1.99549
523  2.17188
524  2.1142
525  1.72682
526  1.91334
527  2.57125
528  2.07798
529  2.07642
530  2.19261
531  2.08554
532  2.0538
533  1.70493
534  2.6153
535  3.02225
536  2.49772
537  3.05134
538  2.00222
539  1.86414
540  1.97639
541  2.07979
542  2.54753
543  2.22766
544  2.38832
545  2.3431
546  2.6305
547  3.74502
548  3.34644
549  2.99171
550  2.87651
551  1.95235
552  1.9986
553  2.10363
554  2.03574
555  2.06849
556  2.4093
557  2.27938
558  2.05901
559  2.30363
560  2.58044
561  2.36132
562  2.02524
563  2.38755
564  2.17492
565  1.71367
566  2.07176
567  2.34724
568  2.19916
569  1.97641
570  2.72037
571  2.6698
572  2.07033
573  2.38671
574  2.53656
575  2.68587
576  1.60468
577  1.75442
578  1.78614
579  2.4349
580  2.14747
581  1.88135
582  2.14571
583  1.78583
584  1.84981
585  1.9007
586  1.83487
587  2.42695
588  3.29435
589  2.46338
590  1.89007
591  2.13374
592  2.1264
593  2.0386
594  2.67057
595  2.94499
596  1.94214
597  2.86925
598  2.89487
599  2.07287
600  2.48047
601  1.82021
602  1.92808
603  2.65798
604  2.73633
605  1.9268
606  2.95989
607  2.16152
608  2.34029
609  2.14827
610  3.14775
611  1.864
612  1.80643
613  3.337
614  1.46039
615  2.6863
616  2.46026
617  2.0396
618  2.33413
619  2.94737
620  2.30747
621  2.11737
622  1.81915
623  1.85985
624  2.37256
625  2.02709
626  1.83967
627  2.3661
628  2.75118
629  2.8287
630  2.22122
631  2.14275
632  2.30523
633  1.98647
634  2.06995
635  2.16378
636  2.20072
637  1.91789
638  1.60358
639  2.01864
640  2.09948
641  1.9862
642  2.91311
643  2.38682
644  2.59543
645  1.91099
646  2.82317
647  2.33584
648  1.92299
649  1.78512
650  1.8413
651  2.00868
652  1.95819
653  2.05971
654  2.39626
655  1.90071
656  1.91592
657  2.33022
658  2.71686
659  2.45941
660  2.5558
661  1.91082
662  1.3246
663  1.64205
664  1.97038
665  3.5836
666  2.28886
667  2.21027
668  2.3532
669  2.36704
670  1.9081
671  2.38851
672  2.07022
673  1.72678
674  2.54725
675  1.97236
676  1.91417
677  1.89816
678  1.91814
679  2.15725
680  2.02588
681  2.82434
682  3.20666
683  2.36474
684  1.98901
685  2.18581
686  2.1468
687  2.02118
688  2.46032
689  1.99619
690  1.89573
691  2.10591
692  2.33391
693  2.00702
694  2.09294
695  1.90968
696  2.15744
697  2.10041
698  2.03488
699  2.29065
700  2.04066
701  2.12406
702  2.19683
703  1.84751
704  2.64341
705  2.15296
706  2.55596
707  2.68428
708  2.52925
709  2.83128
710  2.52695
711  2.43732
712  2.27713
713  2.39292
714  1.92153
715  2.15235
716  2.1056
717  2.20645
718  2.29427
719  2.54696
720  2.2029
721  2.58583
722  2.1063
723  2.80972
724  1.80327
725  1.80177
726  2.56344
727  2.07653
728  1.71163
729  1.81031
730  1.73164
731  2.761
732  2.05661
733  2.71283
734  2.08166
735  1.87223
736  2.42989
737  2.92762
738  2.17672
739  2.49655
740  2.27951
741  2.47159
742  2.25473
743  2.52855
744  1.84116
745  1.55391
746  1.54245
747  2.92503
748  2.68033
749  2.51363
750  2.12384
751  2.88823
752  2.33536
753  2.67332
754  2.04557
755  2.48597
756  2.41694
757  2.62443
758  2.21553
759  2.04077
760  2.13685
761  2.25295
762  2.24115
763  2.98752
764  2.31429
765  2.43244
766  2.54112
767  2.21022
768  2.47273
769  2.72668
770  1.87306
771  2.61189
772  2.17748
773  2.14703
774  2.13947
775  2.21717
776  2.82319
777  2.9868
778  2.366
779  1.95471
780  2.39773
781  2.21219
782  2.24227
783  2.36168
784  1.99227
785  1.82124
786  2.46007
787  1.854
788  2.12729
789  2.12567
790  2.34478
791  2.58469
792  2.48072
793  2.09761
794  1.82367
795  2.05559
796  2.22723
797  2.1417
798  2.39014
799  2.21247
800  2.40003
801  2.39809
802  2.28117
803  1.92727
804  2.70065
805  1.84808
806  1.86297
807  1.54813
808  1.52245
809  2.33586
810  2.09427
811  1.77132
812  2.71884
813  1.87263
814  2.43521
815  2.73082
816  3.37143
817  2.85111
818  2.2765
819  2.70047
820  2.82419
821  2.34307
822  1.93599
823  2.48798
824  2.09667
825  2.53712
826  1.67589
827  1.64719
828  1.88531
829  2.35691
830  1.85597
831  1.65462
832  1.66665
833  2.38257
834  2.21224
835  2.43088
836  2.42186
837  2.41045
838  2.22208
839  2.29424
840  2.02698
841  1.9938
842  3.01188
843  1.54667
844  1.59089
845  2.09949
846  2.11981
847  2.34425
848  1.76087
849  1.8179
850  1.85778
851  1.90986
852  2.22489
853  1.82906
854  1.97929
855  2.0848
856  2.34929
857  2.24588
858  2.18469
859  2.27167
860  1.95314
861  1.84001
862  2.0441
863  2.16971
864  1.99909
865  1.89673
866  2.46215
867  2.66069
868  2.47934
869  2.40292
870  2.56952
871  2.13483
872  2.40683
873  2.89763
874  2.72666
875  2.73156
876  2.1552
877  2.14106
878  1.94547
879  2.12337
880  2.8938
881  2.25075
882  2.14952
883  2.84714
884  2.17017
885  2.1105
886  1.87417
887  2.3334
888  2.41883
889  2.18497
890  2.68875
891  1.71957
892  1.76537
893  1.64046
894  2.01378
895  1.97026
896  2.20645
897  2.04706
898  1.97156
899  3.12583
900  2.54139
901  2.08277
902  1.94871
903  4.036
904  2.99376
905  2.54806
906  4.24202
907  1.54481
908  2.13932
909  2.17713
910  2.16064
911  2.11452
912  2.50518
913  2.39365
914  2.41078
915  2.39515
916  1.92591
917  2.27938
918  3.25665
919  2.1482
920  2.16658
921  2.33399
922  1.92588
923  2.45118
924  2.44446
925  3.09439
926  2.09381
927  1.80929
928  2.82469
929  1.86726
930  1.82188
931  1.99977
932  2.01361
933  2.07855
934  2.10309
935  2.37454
936  2.34169
937  2.19042
938  2.28118
939  2.27498
940  2.11878
941  1.87888
942  1.75464
943  2.02913
944  1.75333
945  1.76262
946  1.7205
947  2.20989
948  1.8999
949  2.01035
950  2.40529
951  2.37971
952  2.38292
953  2.42211
954  2.44869
955  2.10263
956  2.31523
957  2.27618
958  2.36685
959  1.96864
960  1.91971
961  3.22883
962  1.6581
963  1.38203
964  2.3007
965  2.06113
966  2.17871
967  2.48723
968  1.89332
969  1.89009
970  2.39376
971  2.04025
972  2.59805
973  2.28453
974  2.25067
975  2.05482
976  2.02578
977  2.06627
978  3.14907
979  2.00785
980  1.86528
981  1.84357
982  1.82146
983  2.41215
984  1.93253
985  2.43748
986  2.60655
987  2.70385
988  3.84926
989  2.61979
990  2.42817
991  2.93412
992  3.54464
993  2.12107
994  2.41512
995  2.38809
996  1.98405
997  2.3303
998  2.28561
999  2.32362
1000  1.98285
1001  2.15643
1002  1.85648
1003  2.52737
1004  2.43335
1005  2.45033
1006  2.46969
1007  2.48543
1008  2.67601
1009  2.21179
1010  2.09559
1011  1.89338
1012  2.28472
1013  1.66812
1014  1.68064
1015  2.15336
1016  1.88476
1017  2.67376
1018  1.66691
1019  2.12285
1020  1.96933
1021  2.09872
1022  1.77567
1023  3.02611
1024  2.29602
1025  2.40902
1026  2.43009
1027  2.42303
1028  2.25915
1029  2.09886
1030  2.49208
1031  2.07202
1032  2.66144
1033  2.41799
1034  2.35043
1035  1.9402
1036  2.49037
1037  2.73487
1038  2.41232
1039  2.16782
1040  2.2584
1041  2.27888
1042  1.77095
1043  1.93586
1044  2.38336
1045  2.53128
1046  2.56509
1047  2.13976
1048  2.23725
1049  2.56435
1050  2.33537
1051  1.61861
1052  2.08509
1053  2.09663
1054  2.02216
1055  2.35299
1056  1.8482
1057  2.09331
1058  1.78004
1059  1.73501
1060  1.72358
1061  2.0926
1062  1.88618
1063  1.88638
1064  1.81731
1065  1.94322
1066  1.93522
1067  1.78938
1068  2.67936
1069  1.51921
1070  2.1166
1071  2.1849
1072  3.09239
1073  2.35381
1074  2.56387
1075  2.18244
1076  2.16284
1077  2.92753
1078  2.14021
1079  2.5258
1080  1.68153
1081  2.10361
1082  2.05534
1083  1.76518
1084  1.97965
1085  2.01958
1086  2.40536
1087  2.58317
1088  2.59403
1089  2.61699
1090  2.07279
1091  1.82491
1092  1.84387
1093  1.85458
1094  3.16467
1095  2.15221
1096  2.63596
1097  2.16087
1098  2.09619
1099  2.04424
1100  1.94135
1101  2.02068
1102  1.98144
1103  2.83993
1104  2.44462
1105  2.55076
1106  2.45713
1107  1.86665
1108  2.38539
1109  2.36591
1110  2.23781
1111  2.45995
1112  2.16423
1113  2.88332
1114  2.76652
1115  2.48434
1116  2.94142
1117  2.13597
1118  2.36956
1119  2.13509
1120  1.64862
1121  1.95458
1122  2.3785
1123  2.12344
1124  2.14236
1125  2.65837
1126  2.13622
1127  2.58607
1128  2.33994
1129  1.81827
1130  2.83678
1131  1.75494
1132  2.27848
1133  2.18953
1134  1.92408
1135  1.76367
1136  2.2361
1137  2.37693
1138  1.8036
1139  2.1576
1140  1.93264
1141  2.16348
1142  2.29015
1143  2.4671
1144  2.30135
1145  2.20735
1146  2.14513
1147  2.05956
1148  2.08388
1149  2.05867
1150  2.56588
1151  1.84777
1152  1.99854
1153  1.66113
1154  2.33959
1155  1.73223
1156  3.01587
1157  2.00453
1158  1.79577
1159  1.84498
1160  1.75039
1161  1.99603
1162  1.61832
1163  2.00219
1164  3.14351
1165  2.52889
1166  2.05723
1167  1.7166
1168  2.34985
1169  1.84715
1170  2.15944
1171  2.6298
1172  2.16103
1173  2.58866
1174  2.61492
1175  2.41741
1176  2.11204
1177  2.62255
1178  2.11584
1179  2.24751
1180  2.45302
1181  2.56424
1182  2.79756
1183  1.74397
1184  1.92604
1185  1.82722
1186  2.00645
1187  2.37785
1188  2.32703
1189  2.15135
1190  2.84992
1191  2.67585
1192  2.17939
1193  1.75668
1194  1.78271
1195  1.90218
1196  2.00868
1197  2.10829
1198  2.13595
1199  2.17577
1200  2.15436
1201  2.34391
1202  2.66596
1203  2.60967
1204  1.97963
1205  2.29013
1206  3.36668
1207  2.78604
1208  2.10463
1209  1.96933
1210  2.96279
1211  2.31785
1212  2.13351
1213  1.94772
1214  1.92395
1215  2.27262
1216  2.10143
1217  2.22462
1218  2.2345
1219  1.83098
1220  1.62241
1221  2.05117
1222  1.89283
1223  1.88749
1224  2.5495
1225  1.78353
1226  1.61773
1227  1.9095
1228  2.60702
1229  1.8396
1230  1.96154
1231  2.37101
1232  2.6233
1233  2.40605
1234  2.03508
1235  2.8678
1236  2.7459
1237  1.84142
1238  1.94294
1239  2.41298
1240  2.57704
1241  2.18216
1242  1.67073
1243  1.68197
1244  1.81091
1245  2.00119
1246  2.57702
1247  1.87294
1248  2.6724
1249  2.03671
1250  1.46329
1251  1.87368
1252  1.81698
1253  2.72815
1254  2.39657
1255  2.32754
1256  1.81863
1257  2.84748
1258  1.97453
1259  2.18154
1260  2.19554
1261  2.23495
1262  2.25148
1263  2.56393
1264  2.25202
1265  2.21898
1266  1.97812
1267  2.12137
1268  1.82425
1269  1.82212
1270  1.77406
1271  2.51768
1272  2.06792
1273  2.89845
1274  2.28094
1275  1.69042
1276  1.81231
1277  1.84507
1278  2.52022
1279  1.91853
1280  2.03435
1281  2.68513
1282  1.80411
1283  2.18926
1284  2.36393
1285  2.1912
1286  2.10889
1287  1.93681
1288  2.08641
1289  2.40041
1290  2.2473
1291  1.86705
1292  1.68195
1293  1.92039
1294  2.11277
1295  2.14439
1296  2.32779
1297  2.49832
1298  2.58609
1299  2.4936
1300  1.96764
1301  2.59961
1302  2.52128
1303  2.21202
1304  1.95487
1305  1.66217
1306  1.91377
1307  1.96538
1308  2.46102
1309  2.62355
1310  2.96194
1311  2.98406
1312  3.33266
1313  3.18363
1314  2.78485
1315  2.65119
1316  2.26327
1317  2.18074
1318  2.31414
1319  2.35626
1320  2.083
1321  2.5662
1322  2.03604
1323  3.23861
1324  1.91732
1325  2.05542
1326  2.40237
1327  2.66543
1328  2.5844
1329  2.42017
1330  2.60642
1331  1.69978
1332  3.48904
1333  3.46212
1334  2.71086
1335  2.50761
1336  2.60157
1337  3.20586
1338  2.51829
1339  2.45776
1340  1.63182
1341  2.09252
1342  2.20841
1343  1.92712
1344  1.79034
1345  3.25474
1346  1.735
1347  1.68302
1348  1.6293
1349  1.6119
1350  2.1134
1351  1.73056
1352  2.47213
1353  2.296
1354  1.71291
1355  1.59703
1356  2.05799
1357  2.44506
1358  2.33138
1359  2.12591
1360  2.5025
1361  2.24056
1362  2.30836
1363  2.47321
1364  1.71788
1365  2.44991
1366  2.73825
1367  2.25846
1368  2.16136
1369  2.58693
1370  2.19972
1371  3.61875
1372  1.78121
1373  2.25246
1374  2.70661
1375  2.35745
1376  2.26061
1377  2.16182
1378  1.91384
1379  2.52758
1380  2.78504
1381  1.87347
1382  2.85857
1383  2.26336
1384  2.20435
1385  1.75255
1386  1.90509
1387  2.62013
1388  1.87188
1389  2.81215
1390  2.01631
1391  3.40715
1392  3.02172
1393  2.66323
1394  2.12384
1395  1.84119
1396  1.83134
1397  1.83876
1398  1.61533
1399  2.14747
1400  1.89472
1401  2.45375
1402  2.32079
1403  2.72569
1404  2.48489
1405  2.7248
1406  2.60241
1407  2.57498
1408  2.35229
1409  1.95911
1410  2.61081
1411  2.64649
1412  1.93725
1413  2.03525
1414  2.09882
1415  2.06133
1416  1.57423
1417  1.55758
1418  2.02055
1419  3.08215
1420  2.49337
1421  2.71215
1422  1.89897
1423  1.9134
1424  1.7452
1425  1.83146
1426  1.70678
1427  1.74338
1428  1.94417
1429  1.69697
1430  2.55019
1431  2.53399
1432  3.35877
1433  2.47643
1434  2.11596
1435  2.0966
1436  2.44398
1437  3.6632
1438  3.39428
1439  3.32648
1440  1.89117
1441  2.12054
1442  1.87302
1443  1.80138
1444  1.77527
1445  2.76601
1446  2.07835
1447  1.83504
1448  1.99583
1449  2.71468
1450  2.25461
1451  2.45187
1452  2.20894
1453  1.90993
1454  2.72971
1455  2.39283
1456  2.05035
1457  2.27291
1458  2.57093
1459  2.89813
1460  2.95908
1461  1.84953
1462  1.73751
1463  1.74672
1464  2.78649
1465  2.51452
1466  2.39408
1467  2.21887
1468  1.94594
1469  1.91029
1470  3.2152
1471  3.00335
1472  2.0029
1473  2.22002
1474  2.05565
1475  2.64435
1476  2.08598
1477  2.31544
1478  2.61063
1479  2.33491
1480  1.96841
1481  2.37242
1482  2.2868
1483  2.26266
1484  2.18761
1485  2.08513
1486  2.08537
1487  2.00919
1488  2.07549
1489  2.25804
1490  1.95014
1491  2.3042
1492  2.42717
1493  2.67306
1494  2.16033
1495  2.10592
1496  2.73579
1497  1.72447
1498  1.98946
1499  2.43147
1500  2.54062
