501  0.1139
502  -0.00558404
503  0.0420988
504  0.281775
505  0.263038
506  0.195924
507  0.482434
508  0.671257
509  -0.465932
510  -0.283942
511  0.108704
512  -0.360968
513  -0.376735
514  -0.361828
515  -0.364214
516  0.144298
517  0.142629
518  -0.0252861
519  0.0459489
520  0.332589
521  0.00777747
522  0.142189
523  0.44894
524  0.0425017
525  0.103268
526  0.2928
527  0.0732566
528  -0.0603984
529  -0.0369392
530  -0.0522428
531  0.463802
532  0.269391
533  0.219006
534  0.0676554
535  0.146056
536  -0.0945324
537  -0.103239
538  0.0813587
539  0.394165
540  0.403962
541  0.488715
542  0.590603
543  0.53364
544  0.0647236
545  -0.445344
546  0.162973
547  0.0130916
548  0.0530717
549  0.181071
550  0.184203
551  0.161706
552  0.472682
553  0.659444
554  0.524907
555  -0.326621
556  0.05852
557  0.243022
558  0.172609
559  -0.128099
560  -0.321186
561  -0.296155
562  0.379344
563  0.292354
564  0.0162519
565  -0.06752
566  0.0857933
567  0.0462049
568  0.262577
569  0.511564
570  0.314684
571  -0.120289
572  -0.249621
573  0.146048
574  0.0959278
575  0.133876
576  0.348004
577  -0.362303
578  0.173395
579  0.0494398
580  -0.0985468
581  -0.095376
582  -0.0828897
583  0.105314
584  0.217263
585  0.0427272
586  0.0157851
587  0.0429144
588  0.0718444
589  -0.304481
590  -0.299728
591  -0.284637
592  -0.191884
593  -0.171799
594  0.580642
595  0.014762
596  0.133702
597  0.0932184
598  0.23467
599  0.220253
600  0.257061
601  0.232208
602  0.0656617
603  0.202805
604  0.0739564
605  0.174246
606  0.106547
607  -0.0599612
608  0.0316137
609  0.375124
610  0.473955
611  -0.106516
612  0.237098
613  0.191973
614  0.274977
615  0.219067
616  0.158604
617  0.313092
618  -0.0784054
619  0.135583
620  0.452762
621  0.144808
622  -0.121558
623  -0.437232
624  0.0215766
625  0.00832788
626  0.00642438
627  0.229864
628  -0.0576328
629  0.164492
630  -0.21659
631  -0.191782
632  -0.0769894
633  -0.218476
634  0.442023
635  0.425409
636  0.45871
637  0.149196
638  0.166095
639  0.175091
640  0.083983
641  0.315464
642  -0.211364
643  0.454441
644  0.530802
645  -0.171601
646  -0.0910136
647  0.0866411
648  0.247017
649  0.228668
650  0.235358
651  0.46594
652  0.654758
653  -0.207581
654  -0.234093
655  0.454427
656  0.327609
657  0.293562
658  0.313969
659  0.320415
660  0.356923
661  0.0560551
662  -0.146975
663  -0.10781
664  -0.0624403
665  0.257736
666  0.6125
667  0.160211
668  -0.359899
669  0.412895
670  0.387606
671  0.244667
672  0.181254
673  0.275319
674  0.26343
675  0.171979
676  0.290478
677  0.112402
678  0.244369
679  0.622776
680  0.307911
681  0.27148
682  -0.153162
683  -0.248949
684  -0.125164
685  0.126059
686  0.306128
687  0.103809
688  -0.00210458
689  -0.00579761
690  0.360187
691  0.0784875
692  -0.228818
693  0.397373
694  0.207745
695  0.254712
696  0.338757
697  0.256562
698  0.479183
699  -0.0937305
700  0.0329408
701  0.147496
702  0.205396
703  0.469459
704  0.256336
705  0.300267
706  0.10165
707  0.118425
708  -0.0757445
709  -0.364368
710  -0.368806
711  0.0720547
712  0.121814
713  0.152042
714  0.145614
715  0.342028
716  0.157696
717  0.187954
718  -0.244697
719  -0.171768
720  0.092014
721  0.105022
722  0.245494
723  0.31911
724  0.509008
725  0.183884
726  0.301558
727  -0.0425488
728  -0.311709
729  -0.418005
730  0.213853
731  0.149762
732  0.246107
733  0.300201
734  0.430852
735  -0.0131615
736  -0.027598
737  -0.275144
738  -0.178997
739  -0.0543083
740  0.087105
741  0.547937
742  0.533268
743  0.527952
744  -0.0535003
745  0.308301
746  0.284033
747  0.365424
748  0.296504
749  0.212773
750  0.392165
751  -0.0289931
752  -0.0438093
753  0.029503
754  0.292194
755  0.141817
756  -0.188864
757  -0.268158
758  0.121466
759  -0.132695
760  0.133423
761  0.396634
762  -0.157436
763  -0.193106
764  0.421196
765  0.261592
766  0.262233
767  -0.027054
768  0.0787538
769  -0.110587
770  0.342197
771  0.266042
772  0.306019
773  0.0799868
774  -0.0376386
775  -0.0547446
776  0.0977732
777  0.171054
778  0.289303
779  0.290177
780  0.246156
781  0.128298
782  -0.181109
783  -0.0716498
784  0.36818
785  0.286707
786  0.377152
787  -0.224716
788  -0.123281
789  0.388317
790  -0.238062
791  0.530745
792  0.168561
793  -0.095088
794  -0.119943
795  -0.140339
796  -0.0579106
797  0.548037
798  0.333984
799  0.280761
800  -0.14703
801  -0.127818
802  -0.124172
803  0.343694
804  0.377492
805  0.170421
806  0.382556
807  -0.180326
808  0.139303
809  0.139855
810  -0.0473547
811  0.0814159
812  0.0753397
813  0.334976
814  0.257652
815  -0.00367631
816  -0.0948617
817  0.224777
818  0.229655
819  0.169657
820  0.00349535
821  -0.0526189
822  -0.550571
823  -0.21967
824  -0.242615
825  -0.25232
826  -0.335916
827  0.232145
828  0.198158
829  0.304581
830  0.393232
831  0.154432
832  0.212472
833  0.39458
834  0.209487
835  0.189024
836  0.0188914
837  -0.173178
838  0.179066
839  -0.177464
840  0.0694001
841  0.23889
842  0.220271
843  -0.30499
844  0.109647
845  0.590271
846  0.237674
847  0.192599
848  0.243694
849  0.362175
850  0.338598
851  0.103607
852  0.168837
853  0.115033
854  0.212334
855  0.23136
856  -0.00531936
857  -0.125124
858  0.410654
859  0.397359
860  0.349791
861  -0.251306
862  0.303638
863  0.390007
864  0.283671
865  0.657911
866  0.00758951
867  -0.417865
868  -0.55418
869  -0.527762
870  0.595801
871  0.171678
872  -0.108762
873  0.044297
874  0.0898721
875  0.185074
876  -0.0688434
877  -0.143458
878  0.0168637
879  0.41228
880  -0.261821
881  -0.00318522
882  0.268618
883  0.329373
884  -0.0913148
885  -0.0852387
886  -0.0816586
887  -0.0753586
888  -0.0463049
889  -0.00551896
890  -0.0266797
891  0.140838
892  -0.0707316
893  0.330689
894  0.449489
895  0.0204008
896  -0.0189859
897  0.0098001
898  -0.369365
899  -0.672191
900  0.140516
901  0.310627
902  0.0343181
903  0.0851688
904  0.189153
905  0.28551
906  0.141247
907  0.170698
908  0.469308
909  0.345627
910  0.303273
911  0.286224
912  0.0599553
913  0.0527044
914  0.280877
915  0.283043
916  0.120462
917  0.380223
918  0.260837
919  0.223806
920  0.19819
921  0.115427
922  -0.0480436
923  0.308758
924  0.224715
925  0.157786
926  0.191359
927  0.263632
928  0.398177
929  0.219867
930  -0.0854844
931  -0.0530707
932  -0.0591008
933  0.262345
934  -0.0863678
935  0.422044
936  0.361916
937  0.301005
938  0.527484
939  0.151671
940  0.12149
941  0.182655
942  0.331617
943  0.334809
944  0.274501
945  0.198967
946  0.349059
947  -0.114246
948  -0.0265279
949  0.140891
950  0.0682297
951  -0.0415641
952  0.331105
953  0.537736
954  0.00170657
955  0.451893
956  0.573034
957  0.574539
958  0.477348
959  0.567523
960  0.457351
961  0.0994383
962  0.00176832
963  0.357773
964  0.0903009
965  0.132707
966  0.109291
967  0.120787
968  0.294768
969  0.190504
970  0.137613
971  0.019649
972  0.218703
973  0.265888
974  0.386244
975  0.414395
976  0.311008
977  -0.318339
978  -0.185316
979  -0.0571728
980  -0.00794448
981  -0.0139282
982  0.0950448
983  -0.0336551
984  0.265443
985  0.0884182
986  -0.0342723
987  0.323284
988  0.565162
989  0.183198
990  0.319236
991  -0.106275
992  0.404882
993  0.257313
994  0.250024
995  0.315522
996  0.354753
997  0.173349
998  0.113425
999  0.22782
1000  0.500812
1001  0.490123
1002  0.190067
1003  0.399799
1004  0.418464
1005  0.579821
1006  0.201717
1007  0.0805188
1008  0.185073
1009  0.386309
1010  0.123266
1011  -0.2437
1012  -0.252883
1013  0.0230938
1014  -0.131208
1015  -0.0676706
1016  0.309031
1017  0.0411983
1018  0.201097
1019  0.553275
1020  -0.0237209
1021  -0.0633469
1022  -0.0293131
1023  0.210413
1024  0.274792
1025  0.079407
1026  0.558852
1027  0.420756
1028  0.119438
1029  0.284439
1030  0.567411
1031  0.078204
1032  -0.154112
1033  0.099594
1034  0.173398
1035  -0.10989
1036  0.244435
1037  -0.043485
1038  0.277422
1039  0.375644
1040  0.291453
1041  0.0751204
1042  0.621362
1043  0.520297
1044  0.46401
1045  -0.0433981
1046  0.178025
1047  0.0671692
1048  0.107921
1049  0.178173
1050  -0.00826889
1051  0.290523
1052  0.196142
1053  0.170051
1054  0.413501
1055  0.425714
1056  0.245103
1057  -0.0481449
1058  0.383887
1059  0.342265
1060  0.287796
1061  -0.0418135
1062  0.401525
1063  0.261295
1064  0.352825
1065  0.104897
1066  0.0758565
1067  0.406013
1068  0.0820023
1069  0.51305
1070  0.470413
1071  0.337464
1072  0.538114
1073  0.616644
1074  0.669878
1075  -0.00622719
1076  0.379716
1077  0.473082
1078  0.558037
1079  0.283988
1080  -0.179136
1081  -0.0985904
1082  0.00378967
1083  0.361008
1084  0.219923
1085  0.0251902
1086  -0.030959
1087  0.536531
1088  0.183474
1089  -0.0453939
1090  0.16243
1091  0.330364
1092  -0.0119491
1093  0.0498435
1094  0.225159
1095  0.358283
1096  0.0631923
1097  0.0862134
1098  -0.0956526
1099  0.12703
1100  0.283802
1101  0.413189
1102  0.292073
1103  0.261669
1104  0.132084
1105  0.194271
1106  0.192713
1107  0.146497
1108  0.304298
1109  0.0760819
1110  0.203523
1111  -0.16547
1112  0.18627
1113  -0.0160792
1114  0.0392804
1115  -0.275712
1116  0.0982885
1117  0.170621
1118  0.192517
1119  0.396332
1120  0.395319
1121  -0.0853244
1122  -0.218744
1123  0.0662872
1124  0.0488197
1125  0.316415
1126  -0.0715314
1127  -0.182014
1128  0.591989
1129  -0.24658
1130  -0.16582
1131  -0.0703614
1132  0.0830388
1133  -0.0225413
1134  0.109706
1135  0.163733
1136  0.46557
1137  0.395502
1138  -0.512716
1139  -0.483421
1140  0.273165
1141  0.245128
1142  0.111091
1143  0.122255
1144  -0.30045
1145  -0.2373
1146  -0.524274
1147  0.223067
1148  0.172414
1149  0.258879
1150  0.0492137
1151  -0.0135012
1152  -0.00930067
1153  -0.0461394
1154  -0.197753
1155  0.262917
1156  0.206049
1157  0.264574
1158  0.156316
1159  0.059759
1160  -0.106719
1161  0.0400586
1162  0.351302
1163  0.328951
1164  0.225826
1165  0.286272
1166  0.329412
1167  0.287737
1168  0.322953
1169  0.180423
1170  0.237139
1171  0.112832
1172  0.261809
1173  -0.0735797
1174  -0.0873537
1175  -0.19579
1176  0.466774
1177  0.316098
1178  0.405322
1179  0.316515
1180  -0.248749
1181  -0.228662
1182  -0.0487193
1183  0.0935065
1184  0.364573
1185  0.0589744
1186  0.200314
1187  0.168476
1188  0.219633
1189  0.270464
1190  0.125905
1191  0.0647211
1192  0.17307
1193  0.408524
1194  0.459424
1195  -0.203804
1196  -0.000216885
1197  0.236652
1198  -0.140172
1199  -0.150523
1200  -0.276281
1201  0.360877
1202  0.487342
1203  0.273654
1204  0.645092
1205  0.61176
1206  0.554941
1207  0.13887
1208  0.0925194
1209  0.139653
1210  -0.343816
1211  0.0635497
1212  0.167726
1213  0.0951153
1214  0.048397
1215  -0.0980008
1216  -0.100996
1217  -0.0693062
1218  -0.0600245
1219  -0.245612
1220  0.554356
1221  0.312283
1222  -0.136359
1223  0.300896
1224  0.0667005
1225  0.0333856
1226  0.311745
1227  0.478863
1228  0.590858
1229  0.469331
1230  0.586522
1231  0.16909
1232  0.299327
1233  0.278388
1234  -0.379844
1235  0.653122
1236  -0.198965
1237  0.257064
1238  0.17164
1239  0.219145
1240  0.0672512
1241  0.0103455
1242  -0.264786
1243  -0.283439
1244  -0.156954
1245  0.459866
1246  0.113045
1247  0.0860473
1248  -0.27982
1249  0.576145
1250  -0.0223542
1251  -0.335432
1252  -0.317658
1253  -0.0675217
1254  -0.143535
1255  0.362708
1256  0.035709
1257  0.337346
1258  0.0798996
1259  -0.0426454
1260  0.417988
1261  0.163414
1262  -0.0017804
1263  0.412097
1264  0.187596
1265  0.339389
1266  0.600065
1267  0.593638
1268  0.0184454
1269  0.394224
1270  0.399256
1271  0.332469
1272  0.282301
1273  0.0774502
1274  0.167262
1275  0.0559797
1276  -0.0059366
1277  0.0427222
1278  -0.0349155
1279  -0.52026
1280  0.0140699
1281  -0.18575
1282  -0.154294
1283  -0.120324
1284  -0.0407439
1285  0.210661
1286  0.162541
1287  -0.258762
1288  0.313099
1289  0.373275
1290  0.263907
1291  0.546942
1292  -0.0569327
1293  0.245555
1294  0.510296
1295  0.375359
1296  0.483508
1297  0.11286
1298  0.298616
1299  0.0966254
1300  -0.0195775
1301  0.00672773
1302  0.283785
1303  -0.0400419
1304  0.193855
1305  -0.115726
1306  0.150775
1307  0.266714
1308  0.262351
1309  0.26204
1310  0.119018
1311  0.288926
1312  0.081272
1313  0.0789423
1314  0.215806
1315  -0.00419085
1316  0.257706
1317  0.131154
1318  0.439401
1319  0.349979
1320  0.406545
1321  -0.387626
1322  -0.5598
1323  0.348411
1324  0.444485
1325  0.156289
1326  0.316229
1327  0.117132
1328  0.116315
1329  0.0659904
1330  -0.0134547
1331  -0.274844
1332  -0.453998
1333  -0.498169
1334  -0.529477
1335  -0.181478
1336  0.578547
1337  0.495687
1338  0.601083
1339  0.136421
1340  0.315462
1341  0.137301
1342  -0.147919
1343  -0.202235
1344  0.130273
1345  0.155838
1346  0.516523
1347  0.0829132
1348  -0.0836811
1349  0.29868
1350  0.466348
1351  0.348539
1352  0.0105885
1353  0.245992
1354  0.150088
1355  0.25156
1356  0.422483
1357  0.391615
1358  0.492124
1359  0.455712
1360  0.445855
1361  0.586104
1362  0.506232
1363  0.365993
1364  0.49059
1365  0.304233
1366  0.207977
1367  0.177305
1368  0.313264
1369  0.24492
1370  0.104947
1371  0.0621055
1372  0.396554
1373  0.366394
1374  0.257449
1375  -0.0808298
1376  0.383681
1377  0.30055
1378  0.480863
1379  0.276332
1380  0.256831
1381  0.0278759
1382  0.236482
1383  0.210622
1384  0.353591
1385  0.401345
1386  0.262708
1387  0.370547
1388  0.320412
1389  0.317625
1390  0.321785
1391  0.304426
1392  0.414578
1393  0.267991
1394  0.431101
1395  0.237016
1396  0.15946
1397  0.423905
1398  0.391975
1399  -0.0886873
1400  0.352007
1401  0.32962
1402  -0.177319
1403  -0.0894826
1404  -0.15917
1405  0.169886
1406  -0.198011
1407  -0.0963193
1408  -0.180654
1409  0.387451
1410  0.364738
1411  0.0782895
1412  -0.200996
1413  -0.211659
1414  0.41359
1415  0.388672
1416  0.233255
1417  0.0452057
1418  0.425674
1419  0.488888
1420  0.563651
1421  0.0256151
1422  0.167555
1423  0.0259481
1424  0.595264
1425  0.27455
1426  0.125051
1427  -0.0393128
1428  -0.061042
1429  0.31315
1430  0.235787
1431  0.0793361
1432  0.210486
1433  0.208691
1434  -0.215264
1435  0.22445
1436  0.223539
1437  0.186555
1438  0.403014
1439  0.00281299
1440  0.628735
1441  0.413231
1442  0.156067
1443  0.283826
1444  0.0851186
1445  0.0694598
1446  0.0487921
1447  0.10936
1448  0.218781
1449  0.253083
1450  0.430497
1451  -0.026605
1452  0.122064
1453  0.0804767
1454  0.0972388
1455  0.26732
1456  0.401318
1457  0.524665
1458  -0.199866
1459  0.301521
1460  0.387557
1461  0.12554
1462  0.293944
1463  0.518562
1464  -0.61701
1465  -0.64245
1466  -0.633555
1467  -0.63483
1468  0.340311
1469  0.131209
1470  0.0861887
1471  0.0528345
1472  0.242867
1473  0.260612
1474  -0.0928749
1475  0.0482941
1476  0.163358
1477  0.14681
1478  0.0993521
1479  0.130685
1480  0.289497
1481  0.338815
1482  0.526588
1483  0.348725
1484  0.227578
1485  0.15952
1486  0.0150043
1487  0.226358
1488  0.265645
1489  0.404136
1490  0.0849323
1491  -0.0350671
1492  0.0905909
1493  -0.151299
1494  0.115849
1495  -0.0450755
1496  0.345618
1497  0.282662
1498  0.58279
1499  0.147068
1500  0.12284
501  12.4955
502  12.2222
503  12.1818
504  12.1869
505  12.0841
506  11.8942
507  12.1173
508  12.087
509  12.8918
510  12.1945
511  12.3114
512  11.9979
513  12.0935
514  12.0446
515  12.3153
516  12.4544
517  12.3177
518  12.0744
519  12.0465
520  12.3154
521  12.1883
522  12.4415
523  12.2385
524  12.4708
525  12.069
526  12.0291
527  12.3107
528  12.3171
529  12.0378
530  12.4076
531  12.2569
532  12.2709
533  12.3097
534  12.3345
535  12.4269
536  12.5414
537  12.2622
538  12.5171
539  12.1641
540  12.2755
541  12.1472
542  12.3091
543  12.5537
544  12.6277
545  12.2946
546  12.2247
547  12.3031
548  12.1908
549  12.0779
550  12.248
551  12.2841
552  12.2672
553  12.1868
554  12.4804
555  11.9162
556  12.3034
557  12.4853
558  12.1738
559  12.4863
560  12.4302
561  12.4372
562  12.4275
563  12.3722
564  12.2734
565  12.1759
566  12.758
567  12.3234
568  12.3535
569  12.1594
570  12.2966
571  12.5477
572  12.3364
573  12.3681
574  12.4256
575  12.0325
576  12.2924
577  12.4693
578  12.3845
579  11.9206
580  12.2691
581  12.1604
582  12.1487
583  12.2783
584  12.2854
585  12.4201
586  12.048
587  12.5216
588  12.1746
589  12.1056
590  12.3162
591  12.4912
592  12.1775
593  12.2231
594  12.3187
595  12.4607
596  12.2985
597  12.3171
598  12.1021
599  12.1779
600  12.1847
601  12.4214
602  12.2674
603  12.1871
604  12.1276
605  12.0714
606  11.9492
607  12.0399
608  12.1554
609  11.8371
610  12.2489
611  12.0862
612  12.2395
613  12.2332
614  12.1331
615  12.1241
616  12.4185
617  12.1352
618  12.0334
619  12.2881
620  12.2002
621  12.3304
622  12.2353
623  12.7271
624  11.9982
625  12.4657
626  12.3674
627  12.2123
628  12.3122
629  12.1439
630  12.468
631  12.373
632  12.3558
633  12.1575
634  12.2804
635  12.3318
636  12.3663
637  12.2579
638  12.1028
639  12.3376
640  12.216
641  12.4119
642  12.5693
643  12.3098
644  12.2731
645  12.102
646  12.308
647  12.0031
648  12.3387
649  12.5519
650  12.6621
651  12.3536
652  12.2911
653  12.3361
654  12.4024
655  12.0899
656  12.0909
657  12.0875
658  12.2341
659  12.2638
660  12.2168
661  12.1664
662  12.361
663  12.3699
664  11.8255
665  12.0049
666  11.8449
667  12.1488
668  12.1079
669  12.4758
670  12.4273
671  12.3226
672  12.4199
673  12.2688
674  12.0013
675  12.0406
676  12.4257
677  12.4013
678  12.3839
679  12.1488
680  12.1985
681  12.2046
682  12.1781
683  12.3829
684  12.5991
685  12.2982
686  12.4192
687  12.4086
688  12.283
689  12.2485
690  12.3027
691  12.3424
692  12.3294
693  12.2402
694  12.3521
695  12.543
696  12.3
697  12.2469
698  12.1285
699  12.2117
700  12.3258
701  12.1947
702  12.1657
703  12.1725
704  11.9981
705  12.371
706  12.1986
707  12.3127
708  12.3873
709  12.3076
710  12.4034
711  12.2338
712  12.2269
713  12.2165
714  12.3914
715  12.2463
716  12.3564
717  12.1993
718  12.1539
719  12.0947
720  12.6838
721  12.4268
722  12.2865
723  12.0873
724  12.0914
725  12.2608
726  12.1855
727  12.4793
728  12.1959
729  12.1607
730  12.4987
731  12.3409
732  12.1863
733  12.4859
734  12.1033
735  12.2949
736  12.3543
737  12.176
738  12.1121
739  12.2609
740  12.4084
741  12.3434
742  12.199
743  12.3926
744  12.4815
745  12.1039
746  12.2661
747  11.9218
748  12.5324
749  12.1805
750  12.3984
751  12.1535
752  11.9965
753  12.3965
754  12.3936
755  12.1098
756  12.3297
757  12.062
758  12.4463
759  12.1531
760  12.274
761  12.1155
762  12.4868
763  12.1835
764  12.4309
765  12.4175
766  12.0205
767  12.1992
768  12.2827
769  12.2969
770  12.2145
771  12.6699
772  12.2904
773  12.1473
774  12.2619
775  12.2098
776  12.4294
777  12.2418
778  12.569
779  12.1273
780  12.434
781  12.2195
782  12.3493
783  11.9939
784  12.0388
785  12.2928
786  12.4107
787  12.3301
788  12.2974
789  12.2602
790  12.3616
791  12.1033
792  12.1895
793  12.3728
794  12.3434
795  12.7447
796  11.9499
797  12.1548
798  12.1007
799  12.3593
800  12.3574
801  12.5131
802  12.386
803  12.8548
804  12.2895
805  12.4639
806  12.1688
807  12.3211
808  12.2893
809  12.3599
810  12.2876
811  12.4981
812  12.1076
813  11.9711
814  12.1052
815  12.5346
816  12.4092
817  12.2751
818  12.3537
819  12.1897
820  12.1187
821  12.3475
822  12.522
823  12.53
824  11.9917
825  12.412
826  12.379
827  12.292
828  12.3969
829  12.1053
830  12.2406
831  12.1649
832  12.21
833  12.1724
834  12.3637
835  12.3988
836  12.4606
837  12.3539
838  12.2742
839  12.3623
840  12.0785
841  12.3762
842  12.6214
843  12.4127
844  12.301
845  12.0901
846  12.2615
847  12.2327
848  12.0758
849  12.0979
850  12.3688
851  12.2744
852  12.1594
853  12.3503
854  12.4354
855  12.053
856  11.8657
857  12.2647
858  12.263
859  12.4325
860  12.5039
861  11.9766
862  12.0355
863  12.6341
864  12.2852
865  12.328
866  12.0229
867  12.2318
868  12.2388
869  12.7047
870  11.9971
871  12.2552
872  12.3984
873  12.1356
874  12.353
875  12.0978
876  12.2991
877  12.4751
878  12.2763
879  12.2563
880  12.0165
881  12.2898
882  12.3082
883  12.2912
884  12.1807
885  12.2326
886  12.4551
887  12.3784
888  12.4913
889  12.4572
890  12.3993
891  12.5718
892  12.2379
893  12.3194
894  12.1877
895  12.2136
896  12.1404
897  12.4749
898  12.127
899  12.3837
900  12.3805
901  12.3477
902  12.4751
903  12.2967
904  12.3713
905  12.3223
906  12.0631
907  12.2646
908  12.3867
909  12.1872
910  12.2798
911  12.1448
912  12.4878
913  12.5431
914  12.3063
915  12.0976
916  12.2537
917  12.143
918  12.3807
919  12.1873
920  12.4846
921  12.3746
922  12.4481
923  12.4434
924  12.2553
925  12.3724
926  12.0468
927  12.2195
928  12.243
929  12.1837
930  12.1211
931  11.839
932  12.3935
933  12.3305
934  12.2483
935  12.3062
936  12.3008
937  12.0222
938  12.2836
939  12.199
940  12.6447
941  12.2767
942  12.3564
943  12.5178
944  12.1849
945  12.3387
946  12.3749
947  12.1156
948  12.2994
949  12.2946
950  12.2911
951  12.2693
952  11.9146
953  12.4399
954  11.8942
955  12.1996
956  12.599
957  12.8533
958  12.5023
959  12.3783
960  12.4405
961  12.409
962  12.3533
963  12.1949
964  12.4626
965  11.9306
966  12.4062
967  12.2081
968  12.4051
969  12.5572
970  12.1739
971  11.9759
972  12.4199
973  12.0569
974  12.1179
975  12.1188
976  12.6604
977  12.3642
978  12.511
979  12.0556
980  12.341
981  12.1784
982  12.1258
983  12.3907
984  12.2659
985  12.0268
986  12.3966
987  12.1234
988  11.8254
989  12.0301
990  12.6125
991  12.0045
992  12.2825
993  12.3108
994  12.2228
995  12.3519
996  12.3792
997  12.1326
998  12.2625
999  11.9593
1000  12.3987
1001  12.5521
1002  12.5024
1003  12.0464
1004  12.0741
1005  12.5141
1006  12.2654
1007  12.1647
1008  12.0726
1009  12.1695
1010  12.2954
1011  12.3495
1012  12.0942
1013  12.3386
1014  12.2832
1015  12.7286
1016  12.0069
1017  12.3428
1018  12.4553
1019  12.4799
1020  12.2385
1021  12.2118
1022  12.3391
1023  12.3256
1024  12.2951
1025  12.1586
1026  12.545
1027  12.2818
1028  12.4431
1029  12.3231
1030  12.2374
1031  12.2825
1032  12.3265
1033  12.4113
1034  12.3027
1035  12.1874
1036  12.3518
1037  12.241
1038  12.1948
1039  12.0456
1040  12.0683
1041  12.3417
1042  12.4087
1043  12.3219
1044  12.439
1045  12.4367
1046  12.2931
1047  12.2118
1048  12.2317
1049  12.4203
1050  12.1166
1051  12.0146
1052  12.7171
1053  11.8654
1054  12.0096
1055  12.4186
1056  12.4119
1057  12.2445
1058  12.3526
1059  12.2999
1060  11.9791
1061  12.2934
1062  12.5121
1063  12.4363
1064  12.3846
1065  12.3974
1066  12.474
1067  12.3103
1068  12.2749
1069  12.5387
1070  11.9958
1071  12.1412
1072  12.2963
1073  12.1772
1074  12.2234
1075  12.1209
1076  12.4476
1077  12.1511
1078  12.2626
1079  12.2043
1080  12.3766
1081  11.9889
1082  12.4443
1083  12.2912
1084  12.4565
1085  12.2261
1086  12.3827
1087  12.2443
1088  12.3281
1089  12.5077
1090  12.3249
1091  12.5111
1092  12.549
1093  12.2045
1094  12.3537
1095  12.3295
1096  12.2262
1097  12.2099
1098  12.296
1099  12.2159
1100  12.096
1101  12.3152
1102  12.2344
1103  12.2729
1104  12.4427
1105  12.0746
1106  12.1534
1107  12.3268
1108  12.3422
1109  12.0836
1110  12.5494
1111  12.137
1112  11.9436
1113  12.1066
1114  12.1793
1115  12.5788
1116  12.4298
1117  12.6472
1118  12.2193
1119  12.1373
1120  12.295
1121  12.6122
1122  12.2944
1123  12.2361
1124  12.1901
1125  12.0797
1126  12.1438
1127  12.4324
1128  12.168
1129  12.3793
1130  12.3379
1131  12.3454
1132  12.3108
1133  12.2227
1134  12.3645
1135  12.2606
1136  12.1085
1137  12.2607
1138  12.0999
1139  12.1128
1140  12.2961
1141  12.1918
1142  12.0191
1143  12.3673
1144  12.5793
1145  12.2668
1146  12.4787
1147  12.1159
1148  12.3937
1149  12.1745
1150  12.4674
1151  12.5069
1152  12.319
1153  12.3171
1154  12.1818
1155  12.322
1156  12.2596
1157  12.3821
1158  12.0233
1159  12.3051
1160  12.4237
1161  12.1798
1162  12.358
1163  12.334
1164  12.351
1165  12.0702
1166  12.3222
1167  12.0676
1168  12.1398
1169  12.6997
1170  12.2087
1171  12.3175
1172  12.2721
1173  11.9165
1174  12.1446
1175  12.5178
1176  12.3549
1177  12.2079
1178  11.9963
1179  12.2698
1180  12.1045
1181  12.1716
1182  12.4527
1183  12.0074
1184  12.3495
1185  12.0876
1186  11.9563
1187  12.2044
1188  12.3721
1189  12.1208
1190  12.2595
1191  12.156
1192  12.1354
1193  12.192
1194  12.3124
1195  12.3448
1196  12.282
1197  12.3335
1198  12.5032
1199  11.9156
1200  12.1992
1201  12.0495
1202  12.3163
1203  12.476
1204  12.5075
1205  12.2395
1206  12.1307
1207  12.3879
1208  12.3323
1209  12.277
1210  12.3848
1211  12.5528
1212  12.6471
1213  12.3442
1214  12.2388
1215  12.3618
1216  12.2645
1217  11.947
1218  12.2188
1219  12.1985
1220  12.3695
1221  12.2888
1222  12.1689
1223  12.2537
1224  12.2771
1225  12.3082
1226  12.2927
1227  12.1222
1228  12.002
1229  12.0008
1230  11.9721
1231  12.227
1232  12.5717
1233  12.6223
1234  12.2822
1235  12.4083
1236  12.2956
1237  12.4206
1238  12.4611
1239  12.2499
1240  12.2528
1241  12.3211
1242  12.4234
1243  12.2672
1244  12.2501
1245  12.4271
1246  12.3524
1247  12.284
1248  12.5337
1249  12.5023
1250  12.2992
1251  12.4346
1252  12.3094
1253  11.9891
1254  12.1619
1255  12.1561
1256  12.6832
1257  12.4669
1258  11.8958
1259  11.9419
1260  11.9453
1261  12.336
1262  12.2617
1263  12.0871
1264  12.248
1265  12.3543
1266  12.45
1267  12.1234
1268  12.3426
1269  12.1569
1270  12.3264
1271  12.3548
1272  12.376
1273  12.2383
1274  12.3054
1275  12.3495
1276  12.0525
1277  12.144
1278  12.3101
1279  12.2944
1280  12.4186
1281  12.0388
1282  12.4543
1283  12.2488
1284  12.3167
1285  12.2676
1286  12.4478
1287  12.1399
1288  12.4303
1289  12.2051
1290  12.1118
1291  12.2077
1292  12.3802
1293  12.4385
1294  12.6004
1295  12.4639
1296  12.1472
1297  12.1899
1298  12.3327
1299  12.3517
1300  12.7085
1301  12.1891
1302  12.2557
1303  12.3131
1304  12.2035
1305  12.3762
1306  12.1688
1307  12.2282
1308  12.1204
1309  12.3035
1310  12.3264
1311  12.3437
1312  12.311
1313  12.1449
1314  12.4121
1315  12.4072
1316  12.4374
1317  12.329
1318  12.2326
1319  12.1487
1320  12.2692
1321  12.333
1322  12.5975
1323  12.0662
1324  12.2274
1325  12.293
1326  12.2392
1327  12.3883
1328  12.2285
1329  12.1326
1330  12.3268
1331  12.2757
1332  12.3845
1333  12.3048
1334  12.3653
1335  12.1453
1336  12.5325
1337  12.2451
1338  12.2704
1339  11.9061
1340  12.3051
1341  12.4115
1342  12.228
1343  12.2819
1344  12.1314
1345  12.0883
1346  12.2657
1347  11.9393
1348  11.9793
1349  12.0853
1350  12.4304
1351  12.3897
1352  12.2345
1353  12.6364
1354  12.1695
1355  12.2322
1356  11.9941
1357  12.0438
1358  12.341
1359  12.5841
1360  12.5413
1361  12.516
1362  12.3952
1363  12.3868
1364  12.2412
1365  12.4734
1366  12.3238
1367  12.363
1368  12.4763
1369  12.2523
1370  12.3036
1371  12.2561
1372  12.073
1373  12.3523
1374  12.0392
1375  12.1187
1376  12.101
1377  12.1783
1378  12.5336
1379  11.9515
1380  12.3566
1381  12.2709
1382  12.4533
1383  12.4283
1384  12.2015
1385  12.3175
1386  12.3783
1387  12.2101
1388  12.2599
1389  12.2392
1390  12.5968
1391  12.2868
1392  12.4437
1393  12.6624
1394  12.5757
1395  12.1712
1396  12.0401
1397  12.5635
1398  12.6261
1399  12.2001
1400  12.5482
1401  12.0547
1402  12.388
1403  12.4621
1404  12.0074
1405  11.8384
1406  12.3537
1407  12.2552
1408  12.2738
1409  12.3701
1410  12.5352
1411  12.1844
1412  12.3922
1413  12.2998
1414  12.133
1415  11.9845
1416  12.5815
1417  12.0604
1418  12.3741
1419  12.28
1420  12.1651
1421  12.2116
1422  12.2821
1423  12.271
1424  12.3757
1425  12.2957
1426  12.1242
1427  12.244
1428  12.1847
1429  11.9342
1430  12.1588
1431  12.3383
1432  12.4538
1433  12.0997
1434  12.4452
1435  12.523
1436  12.242
1437  12.2081
1438  12.5392
1439  12.2579
1440  12.4411
1441  12.2103
1442  12.1053
1443  12.2185
1444  12.2368
1445  12.3456
1446  11.9952
1447  12.1696
1448  12.2165
1449  12.4007
1450  12.2319
1451  12.3029
1452  12.0799
1453  12.1841
1454  12.5099
1455  12.1575
1456  12.229
1457  12.3635
1458  12.2645
1459  11.9526
1460  12.4962
1461  12.4501
1462  12.1579
1463  12.4243
1464  12.2205
1465  12.181
1466  12.3603
1467  12.3891
1468  12.4005
1469  12.2997
1470  12.2777
1471  12.144
1472  12.1972
1473  12.5172
1474  12.3578
1475  12.3436
1476  12.3532
1477  12.7208
1478  12.5285
1479  12.268
1480  12.1504
1481  11.9022
1482  12.018
1483  12.3942
1484  12.1572
1485  12.2286
1486  12.4331
1487  12.251
1488  12.1288
1489  11.9638
1490  12.3741
1491  12.1208
1492  12.2334
1493  12.3541
1494  12.16
1495  12.3643
1496  12.3247
1497  12.1632
1498  12.5199
1499  11.9851
1500  12.5747
501  0.578372
502  0.560827
503  0.565772
504  0.483786
505  0.522963
506  0.45781
507  0.506659
508  0.60386
509  0.510563
510  0.499124
511  0.546096
512  0.622132
513  0.6659
514  0.523271
515  0.605571
516  0.524194
517  0.576013
518  0.545087
519  0.497567
520  0.59053
521  0.445787
522  0.559836
523  0.472474
524  0.552852
525  0.532532
526  0.51352
527  0.598379
528  0.536012
529  0.608139
530  0.575405
531  0.515085
532  0.507699
533  0.49258
534  0.596483
535  0.531005
536  0.512367
537  0.555762
538  0.541239
539  0.506436
540  0.5919
541  0.478419
542  0.507873
543  0.558454
544  0.418926
545  0.521103
546  0.534659
547  0.633867
548  0.448996
549  0.56339
550  0.56097
551  0.505956
552  0.478083
553  0.537035
554  0.558499
555  0.550869
556  0.536887
557  0.587506
558  0.656381
559  0.621967
560  0.494696
561  0.537219
562  0.588654
563  0.51023
564  0.552508
565  0.521629
566  0.535531
567  0.699702
568  0.53507
569  0.534572
570  0.619474
571  0.559892
572  0.540643
573  0.525622
574  0.518369
575  0.522372
576  0.523256
577  0.489965
578  0.552326
579  0.576072
580  0.503208
581  0.641373
582  0.551721
583  0.62392
584  0.669248
585  0.464649
586  0.513011
587  0.613458
588  0.620309
589  0.538207
590  0.63389
591  0.533008
592  0.519303
593  0.539236
594  0.494299
595  0.505162
596  0.610566
597  0.503636
598  0.583209
599  0.536674
600  0.512094
601  0.476818
602  0.495456
603  0.494153
604  0.507629
605  0.541878
606  0.537329
607  0.503852
608  0.584024
609  0.496763
610  0.529826
611  0.552887
612  0.440564
613  0.617984
614  0.519534
615  0.540357
616  0.536251
617  0.54912
618  0.5039
619  0.561919
620  0.450582
621  0.555836
622  0.531148
623  0.492164
624  0.541915
625  0.526796
626  0.560071
627  0.479845
628  0.536856
629  0.582257
630  0.491673
631  0.432397
632  0.532866
633  0.516795
634  0.512709
635  0.410326
636  0.571905
637  0.582003
638  0.408956
639  0.523713
640  0.562528
641  0.502685
642  0.581417
643  0.600962
644  0.506884
645  0.501806
646  0.550976
647  0.495306
648  0.561004
649  0.564014
650  0.589936
651  0.595801
652  0.533476
653  0.605544
654  0.497716
655  0.53897
656  0.509191
657  0.450349
658  0.473463
659  0.556681
660  0.544687
661  0.582471
662  0.47414
663  0.612162
664  0.549762
665  0.51729
666  0.500088
667  0.526149
668  0.574458
669  0.590982
670  0.544821
671  0.557172
672  0.584201
673  0.530075
674  0.545103
675  0.506656
676  0.446742
677  0.493832
678  0.598973
679  0.571576
680  0.528245
681  0.584485
682  0.46643
683  0.540761
684  0.602705
685  0.523384
686  0.572786
687  0.628869
688  0.498642
689  0.557128
690  0.579134
691  0.545289
692  0.486272
693  0.633966
694  0.565257
695  0.583706
696  0.634819
697  0.472325
698  0.54209
699  0.551377
700  0.559804
701  0.502936
702  0.491939
703  0.564855
704  0.433051
705  0.506063
706  0.427407
707  0.601522
708  0.510842
709  0.547
710  0.587193
711  0.549633
712  0.566507
713  0.493638
714  0.534083
715  0.550698
716  0.58369
717  0.586743
718  0.5166
719  0.585135
720  0.570905
721  0.541851
722  0.518144
723  0.449051
724  0.488566
725  0.546884
726  0.535221
727  0.477107
728  0.529462
729  0.582904
730  0.538014
731  0.578366
732  0.545911
733  0.559115
734  0.598098
735  0.506832
736  0.516857
737  0.548914
738  0.568025
739  0.502988
740  0.63586
741  0.610515
742  0.527886
743  0.508296
744  0.563863
745  0.516009
746  0.510956
747  0.505762
748  0.496233
749  0.562715
750  0.578332
751  0.532151
752  0.521073
753  0.535486
754  0.57628
755  0.541189
756  0.550951
757  0.690579
758  0.526418
759  0.419391
760  0.539964
761  0.526704
762  0.574488
763  0.589989
764  0.566178
765  0.619735
766  0.496467
767  0.555319
768  0.543553
769  0.571739
770  0.547749
771  0.584701
772  0.578098
773  0.451512
774  0.600129
775  0.581229
776  0.528345
777  0.615039
778  0.624425
779  0.525752
780  0.576882
781  0.459759
782  0.515414
783  0.533989
784  0.407013
785  0.534486
786  0.572545
787  0.521258
788  0.590172
789  0.559868
790  0.551564
791  0.546903
792  0.577563
793  0.547172
794  0.614794
795  0.58765
796  0.479465
797  0.484285
798  0.535825
799  0.488474
800  0.401006
801  0.46072
802  0.452906
803  0.644503
804  0.503361
805  0.633384
806  0.609041
807  0.532885
808  0.540971
809  0.533106
810  0.514886
811  0.618104
812  0.529214
813  0.512167
814  0.532664
815  0.610529
816  0.558238
817  0.529986
818  0.531489
819  0.553786
820  0.539751
821  0.505625
822  0.566998
823  0.50544
824  0.486847
825  0.558852
826  0.455179
827  0.818932
828  0.56768
829  0.541084
830  0.481805
831  0.550656
832  0.51402
833  0.463036
834  0.533999
835  0.529781
836  0.519821
837  0.532323
838  0.566091
839  0.558522
840  0.489392
841  0.543128
842  0.553176
843  0.480918
844  0.539793
845  0.52403
846  0.555451
847  0.651724
848  0.410144
849  0.521003
850  0.540533
851  0.565066
852  0.557253
853  0.506458
854  0.475822
855  0.56247
856  0.551515
857  0.470108
858  0.542272
859  0.564378
860  0.535572
861  0.519869
862  0.489954
863  0.422658
864  0.564497
865  0.524033
866  0.576564
867  0.616799
868  0.51162
869  0.497617
870  0.580803
871  0.546068
872  0.48303
873  0.547001
874  0.580392
875  0.57506
876  0.523848
877  0.564626
878  0.529562
879  0.597104
880  0.605763
881  0.601136
882  0.549652
883  0.553189
884  0.569297
885  0.619229
886  0.545609
887  0.542272
888  0.520196
889  0.615823
890  0.475089
891  0.583527
892  0.565494
893  0.591838
894  0.543773
895  0.573408
896  0.522758
897  0.539955
898  0.57379
899  0.531445
900  0.570144
901  0.485323
902  0.641508
903  0.53432
904  0.556777
905  0.531409
906  0.512671
907  0.487519
908  0.596899
909  0.504765
910  0.499029
911  0.508125
912  0.574959
913  0.535048
914  0.622399
915  0.542027
916  0.582228
917  0.553739
918  0.620275
919  0.599851
920  0.597235
921  0.57965
922  0.597034
923  0.598374
924  0.544833
925  0.662422
926  0.476609
927  0.470501
928  0.532333
929  0.479261
930  0.623506
931  0.580838
932  0.580924
933  0.649615
934  0.484671
935  0.512203
936  0.546647
937  0.504357
938  0.52903
939  0.47721
940  0.59491
941  0.688449
942  0.516937
943  0.507096
944  0.535046
945  0.536942
946  0.551797
947  0.504374
948  0.624117
949  0.573465
950  0.561546
951  0.58183
952  0.474513
953  0.529691
954  0.467727
955  0.514744
956  0.584615
957  0.705769
958  0.790748
959  0.57563
960  0.578898
961  0.415098
962  0.512847
963  0.560957
964  0.515205
965  0.562889
966  0.541164
967  0.570397
968  0.53581
969  0.607438
970  0.499
971  0.517074
972  0.555918
973  0.47066
974  0.521655
975  0.523924
976  0.541486
977  0.500487
978  0.609397
979  0.579834
980  0.471307
981  0.647889
982  0.502199
983  0.616115
984  0.504434
985  0.533388
986  0.598294
987  0.500871
988  0.467778
989  0.491694
990  0.50216
991  0.538308
992  0.463599
993  0.530807
994  0.527471
995  0.600566
996  0.496162
997  0.57861
998  0.525354
999  0.501527
1000  0.540252
1001  0.632962
1002  0.602467
1003  0.480594
1004  0.532502
1005  0.578496
1006  0.645725
1007  0.491366
1008  0.476053
1009  0.588202
1010  0.417027
1011  0.560002
1012  0.559805
1013  0.493877
1014  0.537844
1015  0.506319
1016  0.582377
1017  0.507381
1018  0.56016
1019  0.604734
1020  0.615114
1021  0.566937
1022  0.539414
1023  0.554186
1024  0.62067
1025  0.537763
1026  0.566483
1027  0.487104
1028  0.672122
1029  0.556113
1030  0.684194
1031  0.673791
1032  0.555775
1033  0.603545
1034  0.566536
1035  0.563661
1036  0.535351
1037  0.576228
1038  0.555293
1039  0.496155
1040  0.504946
1041  0.58676
1042  0.481568
1043  0.583275
1044  0.55586
1045  0.608953
1046  0.55076
1047  0.607083
1048  0.498276
1049  0.627194
1050  0.585088
1051  0.518392
1052  0.566966
1053  0.508556
1054  0.460546
1055  0.489495
1056  0.505112
1057  0.52839
1058  0.519733
1059  0.535388
1060  0.505274
1061  0.484305
1062  0.587905
1063  0.531503
1064  0.617273
1065  0.488113
1066  0.59523
1067  0.55677
1068  0.4804
1069  0.671388
1070  0.591963
1071  0.507625
1072  0.586829
1073  0.575182
1074  0.485125
1075  0.633922
1076  0.583718
1077  0.509041
1078  0.494096
1079  0.561115
1080  0.564209
1081  0.561532
1082  0.573041
1083  0.548044
1084  0.468303
1085  0.481823
1086  0.589019
1087  0.573253
1088  0.475156
1089  0.617943
1090  0.523632
1091  0.564606
1092  0.487073
1093  0.514822
1094  0.510472
1095  0.546818
1096  0.537055
1097  0.475118
1098  0.560586
1099  0.549293
1100  0.553284
1101  0.565516
1102  0.580782
1103  0.522661
1104  0.508945
1105  0.530382
1106  0.519278
1107  0.508232
1108  0.54807
1109  0.612549
1110  0.508393
1111  0.543389
1112  0.526216
1113  0.574382
1114  0.530535
1115  0.434605
1116  0.604678
1117  0.553754
1118  0.535027
1119  0.463123
1120  0.481979
1121  0.507844
1122  0.525188
1123  0.555984
1124  0.482323
1125  0.560166
1126  0.517357
1127  0.565122
1128  0.573904
1129  0.612576
1130  0.557158
1131  0.559634
1132  0.480963
1133  0.474707
1134  0.667581
1135  0.553075
1136  0.589368
1137  0.599682
1138  0.427505
1139  0.622496
1140  0.52858
1141  0.549671
1142  0.577735
1143  0.482598
1144  0.499739
1145  0.541796
1146  0.439946
1147  0.640694
1148  0.562075
1149  0.54512
1150  0.460832
1151  0.597178
1152  0.574528
1153  0.51644
1154  0.571794
1155  0.481805
1156  0.512989
1157  0.545628
1158  0.465354
1159  0.583382
1160  0.52077
1161  0.564544
1162  0.487085
1163  0.573431
1164  0.601733
1165  0.557766
1166  0.548738
1167  0.445475
1168  0.528153
1169  0.530433
1170  0.576907
1171  0.546391
1172  0.587698
1173  0.613914
1174  0.575974
1175  0.457858
1176  0.532646
1177  0.451615
1178  0.474045
1179  0.479665
1180  0.55994
1181  0.60949
1182  0.556959
1183  0.445574
1184  0.511856
1185  0.511242
1186  0.614023
1187  0.573021
1188  0.509627
1189  0.502801
1190  0.536141
1191  0.484808
1192  0.533755
1193  0.496141
1194  0.472522
1195  0.521765
1196  0.51654
1197  0.435052
1198  0.392003
1199  0.551007
1200  0.550862
1201  0.50224
1202  0.466435
1203  0.657965
1204  0.578731
1205  0.524469
1206  0.609943
1207  0.482991
1208  0.491305
1209  0.54527
1210  0.612038
1211  0.532267
1212  0.572162
1213  0.561168
1214  0.563474
1215  0.453813
1216  0.438401
1217  0.5646
1218  0.485837
1219  0.59361
1220  0.543502
1221  0.538756
1222  0.46575
1223  0.555013
1224  0.541625
1225  0.55112
1226  0.492375
1227  0.421765
1228  0.519989
1229  0.502477
1230  0.492771
1231  0.389075
1232  0.516391
1233  0.577198
1234  0.528817
1235  0.60811
1236  0.644416
1237  0.509993
1238  0.546262
1239  0.568861
1240  0.538351
1241  0.550667
1242  0.551642
1243  0.553828
1244  0.446759
1245  0.570808
1246  0.565577
1247  0.515685
1248  0.618792
1249  0.730838
1250  0.595184
1251  0.544245
1252  0.521906
1253  0.626457
1254  0.625766
1255  0.542178
1256  0.590057
1257  0.561234
1258  0.529715
1259  0.51508
1260  0.49098
1261  0.476315
1262  0.511949
1263  0.528138
1264  0.598619
1265  0.548204
1266  0.599789
1267  0.527242
1268  0.515273
1269  0.488786
1270  0.554508
1271  0.523705
1272  0.569241
1273  0.552391
1274  0.582049
1275  0.593244
1276  0.601362
1277  0.505863
1278  0.493247
1279  0.491473
1280  0.426712
1281  0.488982
1282  0.586455
1283  0.585274
1284  0.608536
1285  0.483987
1286  0.565079
1287  0.39638
1288  0.527006
1289  0.661009
1290  0.471874
1291  0.438213
1292  0.550192
1293  0.56632
1294  0.659487
1295  0.614082
1296  0.522151
1297  0.493052
1298  0.535557
1299  0.454407
1300  0.563113
1301  0.487026
1302  0.517886
1303  0.558131
1304  0.515281
1305  0.544289
1306  0.588007
1307  0.44709
1308  0.525696
1309  0.599393
1310  0.613736
1311  0.545981
1312  0.619631
1313  0.484098
1314  0.434498
1315  0.545462
1316  0.58745
1317  0.583885
1318  0.597326
1319  0.455193
1320  0.474033
1321  0.580836
1322  0.448298
1323  0.489626
1324  0.435168
1325  0.409008
1326  0.499198
1327  0.562342
1328  0.552779
1329  0.484172
1330  0.597566
1331  0.522921
1332  0.478175
1333  0.627774
1334  0.531442
1335  0.533176
1336  0.564539
1337  0.565336
1338  0.58678
1339  0.53339
1340  0.468765
1341  0.595329
1342  0.573457
1343  0.587089
1344  0.553087
1345  0.529188
1346  0.547793
1347  0.582313
1348  0.569211
1349  0.419343
1350  0.556405
1351  0.610311
1352  0.484408
1353  0.597218
1354  0.606675
1355  0.577253
1356  0.408063
1357  0.490669
1358  0.396842
1359  0.606804
1360  0.626532
1361  0.606645
1362  0.510332
1363  0.527063
1364  0.557869
1365  0.621845
1366  0.551606
1367  0.569667
1368  0.623883
1369  0.614758
1370  0.490425
1371  0.572606
1372  0.58666
1373  0.518469
1374  0.525159
1375  0.52132
1376  0.523062
1377  0.459864
1378  0.497632
1379  0.561894
1380  0.491436
1381  0.57841
1382  0.483433
1383  0.582822
1384  0.567612
1385  0.53122
1386  0.635031
1387  0.522146
1388  0.626914
1389  0.518448
1390  0.644082
1391  0.533056
1392  0.525048
1393  0.579682
1394  0.536676
1395  0.532313
1396  0.553842
1397  0.502379
1398  0.543773
1399  0.523435
1400  0.542667
1401  0.559846
1402  0.574298
1403  0.523542
1404  0.524755
1405  0.545356
1406  0.597077
1407  0.580684
1408  0.548839
1409  0.575472
1410  0.555604
1411  0.607614
1412  0.558267
1413  0.491983
1414  0.631844
1415  0.515289
1416  0.517082
1417  0.489826
1418  0.520866
1419  0.609181
1420  0.521993
1421  0.514928
1422  0.590621
1423  0.62894
1424  0.523992
1425  0.522685
1426  0.515224
1427  0.48889
1428  0.59919
1429  0.570804
1430  0.529509
1431  0.44143
1432  0.582779
1433  0.608314
1434  0.505416
1435  0.570565
1436  0.581047
1437  0.581246
1438  0.587788
1439  0.464035
1440  0.551928
1441  0.586695
1442  0.453058
1443  0.632531
1444  0.445825
1445  0.55932
1446  0.483533
1447  0.54821
1448  0.657737
1449  0.514707
1450  0.507052
1451  0.561413
1452  0.497935
1453  0.538888
1454  0.492572
1455  0.475828
1456  0.529174
1457  0.568163
1458  0.535285
1459  0.451975
1460  0.521814
1461  0.67761
1462  0.519943
1463  0.517658
1464  0.537358
1465  0.575935
1466  0.488069
1467  0.484677
1468  0.539475
1469  0.597002
1470  0.62754
1471  0.551773
1472  0.479559
1473  0.538145
1474  0.492669
1475  0.511814
1476  0.524917
1477  0.559652
1478  0.517581
1479  0.556442
1480  0.567528
1481  0.475993
1482  0.563078
1483  0.587019
1484  0.496759
1485  0.526703
1486  0.581569
1487  0.518947
1488  0.472959
1489  0.506045
1490  0.535646
1491  0.505641
1492  0.552496
1493  0.509449
1494  0.537255
1495  0.455869
1496  0.663018
1497  0.486391
1498  0.606784
1499  0.56037
1500  0.549251
501  0.60015
502  0.827446
503  0.658208
504  0.6888
505  0.813081
506  0.836645
507  0.863792
508  1.22127
509  1.07657
510  1.07529
511  1.10715
512  0.833606
513  0.748539
514  0.7655
515  0.578743
516  0.57502
517  0.746375
518  0.755914
519  0.799261
520  0.666919
521  0.730459
522  0.707666
523  0.872938
524  0.660767
525  0.691259
526  0.731662
527  0.740272
528  0.594179
529  0.548665
530  0.536993
531  0.70094
532  0.578657
533  0.621488
534  0.591178
535  0.675557
536  0.742034
537  0.659821
538  0.691142
539  0.753973
540  0.576876
541  0.687912
542  1.00567
543  0.826685
544  0.905409
545  0.63287
546  0.764658
547  0.681735
548  0.561951
549  0.532797
550  0.586496
551  0.737798
552  0.848708
553  1.00312
554  0.692536
555  0.603455
556  0.627411
557  0.663072
558  0.582707
559  0.693443
560  1.02096
561  0.963859
562  0.774188
563  0.78204
564  0.798711
565  0.719647
566  0.742415
567  0.934509
568  0.702027
569  0.636033
570  0.725149
571  0.650045
572  1.04851
573  0.686885
574  0.699528
575  0.838373
576  0.663003
577  0.783916
578  0.655177
579  0.718709
580  0.724783
581  0.591312
582  0.723019
583  0.846098
584  0.719931
585  0.690495
586  0.692781
587  0.685151
588  0.905011
589  0.880878
590  0.832972
591  0.919495
592  0.909412
593  0.952318
594  0.839477
595  0.865304
596  0.627645
597  0.505756
598  0.884005
599  0.468845
600  0.476624
601  0.961894
602  0.566171
603  0.542955
604  0.715562
605  0.709517
606  0.654981
607  0.667821
608  0.600819
609  0.912533
610  0.869654
611  0.59013
612  0.622861
613  0.605725
614  0.838066
615  0.773479
616  0.732671
617  0.579142
618  0.649333
619  0.715829
620  0.700331
621  0.680642
622  0.799615
623  0.963568
624  0.974446
625  0.56378
626  0.609019
627  0.578429
628  0.531709
629  0.472654
630  0.521651
631  0.611635
632  0.626957
633  0.699959
634  0.624374
635  0.780675
636  0.676866
637  0.631279
638  0.673377
639  0.739504
640  0.570933
641  0.585619
642  1.01137
643  0.924789
644  0.74432
645  0.762399
646  0.875279
647  0.656041
648  0.642016
649  0.79414
650  0.929872
651  0.928115
652  0.813306
653  0.836445
654  0.650178
655  0.665041
656  0.699393
657  0.83185
658  0.809777
659  0.833605
660  0.821487
661  0.902983
662  0.880383
663  0.837142
664  0.802656
665  0.909073
666  1.03059
667  0.886175
668  0.888115
669  0.663794
670  0.88376
671  0.774085
672  0.789428
673  0.565478
674  0.927535
675  0.594541
676  0.604277
677  0.634927
678  0.750893
679  0.635272
680  0.784412
681  0.858575
682  0.693871
683  0.709013
684  0.69349
685  0.748516
686  0.680537
687  0.778424
688  0.614994
689  0.590394
690  0.763497
691  0.467844
692  0.506913
693  0.619055
694  0.843633
695  0.886741
696  0.661982
697  0.644828
698  0.622226
699  0.65519
700  0.635266
701  0.701291
702  0.69782
703  0.716337
704  0.605505
705  0.761727
706  0.671841
707  0.725023
708  0.822485
709  0.649281
710  0.671728
711  0.671028
712  0.553197
713  0.606034
714  0.721757
715  0.683877
716  0.604533
717  0.587084
718  0.794275
719  0.76021
720  0.773068
721  0.778917
722  0.690221
723  0.708798
724  0.668403
725  0.83271
726  0.60401
727  0.739395
728  0.921557
729  0.890976
730  0.858765
731  0.751405
732  0.660446
733  0.707547
734  0.680668
735  0.585274
736  0.567413
737  0.578286
738  0.579363
739  0.701166
740  0.838118
741  0.670967
742  0.788251
743  0.758788
744  0.648994
745  0.62378
746  0.774114
747  0.829767
748  0.858763
749  0.610333
750  1.35629
751  0.602592
752  0.886474
753  0.650909
754  0.677154
755  0.715801
756  0.771072
757  0.658109
758  0.574929
759  0.853613
760  0.741795
761  0.688594
762  0.740487
763  0.751516
764  0.685528
765  0.669879
766  0.612303
767  0.580081
768  0.564188
769  0.565903
770  0.910334
771  0.934298
772  0.674252
773  0.630342
774  0.660556
775  0.589754
776  0.674918
777  0.720929
778  0.726467
779  0.924461
780  0.810214
781  0.80948
782  0.577945
783  0.88832
784  0.753028
785  0.763945
786  0.659778
787  0.572804
788  0.501769
789  0.522615
790  0.81452
791  0.884619
792  0.611215
793  0.774711
794  0.61241
795  0.747487
796  0.657772
797  0.645119
798  0.679141
799  0.469999
800  0.544674
801  0.502059
802  0.60688
803  0.768191
804  0.847906
805  0.589296
806  0.611394
807  0.567024
808  0.540963
809  0.582587
810  0.759626
811  0.745835
812  0.712764
813  0.802563
814  0.816814
815  0.537869
816  0.619003
817  0.5971
818  0.590027
819  0.68561
820  0.713315
821  0.756635
822  1.14173
823  0.927513
824  0.897195
825  0.817188
826  0.861244
827  0.628988
828  0.686816
829  0.721299
830  0.812339
831  0.786924
832  0.677081
833  0.791902
834  0.80844
835  0.640283
836  0.815238
837  0.701865
838  0.673409
839  0.665315
840  0.631421
841  0.718269
842  0.73834
843  0.675752
844  0.734436
845  0.801921
846  0.864882
847  0.586833
848  0.648954
849  0.549487
850  0.622828
851  0.643379
852  0.630358
853  0.654155
854  0.536948
855  0.936307
856  0.769974
857  0.734322
858  0.6994
859  0.744744
860  0.965209
861  0.625029
862  0.826018
863  0.723108
864  0.897053
865  0.952845
866  0.787064
867  0.873587
868  0.838694
869  0.907777
870  0.930349
871  0.670161
872  0.504225
873  0.477452
874  0.630865
875  0.768755
876  0.752213
877  0.622911
878  0.860238
879  0.857874
880  0.585988
881  0.881808
882  0.731349
883  0.780447
884  0.86976
885  0.902363
886  0.490574
887  0.48957
888  0.468919
889  0.541953
890  0.579918
891  0.645323
892  0.621006
893  0.707405
894  0.467036
895  0.527339
896  0.575968
897  0.869092
898  1.13423
899  1.36298
900  0.696101
901  0.676112
902  0.734719
903  0.843317
904  0.716344
905  0.643137
906  1.12784
907  0.630702
908  0.663621
909  0.664824
910  0.84023
911  0.848916
912  0.656676
913  0.815158
914  0.812281
915  0.735614
916  0.761751
917  0.730544
918  0.601105
919  0.542545
920  0.551616
921  0.472215
922  0.490269
923  0.546099
924  0.535144
925  0.565102
926  0.74183
927  0.69667
928  0.765198
929  0.697003
930  0.728266
931  0.603572
932  1.24253
933  0.963302
934  0.583002
935  0.652538
936  0.692209
937  0.654409
938  0.66252
939  0.602714
940  0.735299
941  0.842906
942  0.703313
943  0.652044
944  1.03097
945  1.08931
946  0.537098
947  0.524949
948  0.534985
949  0.507815
950  0.73121
951  0.739585
952  0.833399
953  1.62562
954  1.8505
955  1.83608
956  0.973009
957  1.03555
958  0.814511
959  0.806612
960  0.650017
961  0.636311
962  0.606815
963  0.609487
964  0.766548
965  0.87241
966  0.785402
967  0.767277
968  0.665909
969  0.774263
970  0.925333
971  1.01975
972  0.655674
973  0.73283
974  0.712628
975  0.604054
976  1.30122
977  0.850676
978  0.710882
979  0.591805
980  0.654206
981  0.7136
982  0.625095
983  0.867215
984  0.526272
985  0.651683
986  0.680783
987  0.687162
988  0.790752
989  0.788454
990  0.822709
991  0.634756
992  0.578768
993  0.757437
994  0.582483
995  0.547086
996  0.57788
997  0.692005
998  0.803458
999  0.748099
1000  0.774747
1001  0.728668
1002  0.669318
1003  0.829014
1004  0.89893
1005  0.896389
1006  0.578719
1007  0.787697
1008  0.764835
1009  0.672611
1010  0.684978
1011  0.685893
1012  0.662414
1013  0.681184
1014  0.567855
1015  0.659318
1016  1.10641
1017  0.920558
1018  0.768984
1019  0.729041
1020  0.834308
1021  0.674739
1022  0.789929
1023  0.671067
1024  0.853094
1025  0.689643
1026  0.925235
1027  0.80321
1028  0.628499
1029  0.654519
1030  0.657589
1031  0.721176
1032  0.711223
1033  0.556286
1034  0.540927
1035  0.522418
1036  0.517148
1037  0.50808
1038  0.566869
1039  0.723876
1040  0.692758
1041  0.830644
1042  1.02777
1043  0.648368
1044  1.06754
1045  0.896774
1046  0.573223
1047  0.571022
1048  0.58827
1049  0.524272
1050  0.701815
1051  0.670868
1052  0.79789
1053  1.10406
1054  0.622418
1055  0.949162
1056  0.567538
1057  0.564601
1058  0.564709
1059  0.569752
1060  0.6971
1061  0.698272
1062  0.805343
1063  0.958343
1064  0.868551
1065  0.678932
1066  0.600457
1067  0.84978
1068  0.843586
1069  0.821729
1070  0.954928
1071  0.687858
1072  0.640509
1073  1.03272
1074  0.940708
1075  0.836451
1076  1.00635
1077  0.797574
1078  0.741521
1079  0.588497
1080  0.58215
1081  0.474308
1082  0.520598
1083  0.67825
1084  0.814821
1085  0.97089
1086  0.929931
1087  0.6613
1088  0.582373
1089  0.922488
1090  0.525983
1091  0.655423
1092  0.695742
1093  0.709178
1094  0.610446
1095  0.821153
1096  0.675199
1097  0.749701
1098  0.613642
1099  0.670084
1100  0.630315
1101  0.897092
1102  0.910412
1103  0.599729
1104  0.598989
1105  0.658549
1106  0.750283
1107  0.637615
1108  0.582964
1109  0.568811
1110  0.619095
1111  0.790705
1112  0.784904
1113  0.722376
1114  0.723367
1115  0.759895
1116  0.826541
1117  0.861534
1118  0.771777
1119  0.711353
1120  0.795343
1121  0.816972
1122  0.728111
1123  0.573209
1124  0.626253
1125  0.906631
1126  0.717611
1127  0.771631
1128  0.800559
1129  0.600101
1130  0.596795
1131  0.602069
1132  0.695694
1133  0.827545
1134  0.673276
1135  0.692258
1136  0.995354
1137  0.924545
1138  0.774327
1139  0.798575
1140  0.768976
1141  0.556727
1142  0.56024
1143  0.578825
1144  0.8546
1145  0.806164
1146  0.727733
1147  0.622599
1148  0.628789
1149  0.659377
1150  0.55211
1151  0.86061
1152  0.681056
1153  0.656632
1154  0.596929
1155  0.591544
1156  0.631774
1157  0.731003
1158  0.634766
1159  0.794383
1160  0.683446
1161  0.667161
1162  0.769093
1163  0.774944
1164  0.836248
1165  0.750446
1166  0.758366
1167  0.668049
1168  0.755899
1169  0.76942
1170  0.650685
1171  0.765574
1172  0.666293
1173  0.703708
1174  0.882739
1175  0.743262
1176  0.657762
1177  0.650572
1178  0.605245
1179  0.892819
1180  0.643382
1181  0.897823
1182  0.719009
1183  0.649847
1184  0.697573
1185  0.628439
1186  1.2188
1187  0.594167
1188  0.759429
1189  0.721804
1190  0.69721
1191  0.631613
1192  0.718904
1193  0.697016
1194  0.817235
1195  0.673132
1196  0.609298
1197  0.635645
1198  0.843659
1199  0.768538
1200  0.807224
1201  0.797681
1202  0.789084
1203  0.829435
1204  0.914677
1205  0.610776
1206  0.609059
1207  0.739865
1208  0.688488
1209  0.730994
1210  0.699942
1211  0.699543
1212  0.811154
1213  0.65784
1214  0.550335
1215  0.627691
1216  0.655055
1217  0.745625
1218  0.705671
1219  0.650571
1220  0.674401
1221  0.640583
1222  0.547922
1223  0.66042
1224  0.599432
1225  0.577938
1226  0.602862
1227  0.680932
1228  0.769289
1229  1.03198
1230  0.81898
1231  0.76026
1232  0.73949
1233  0.922748
1234  0.813505
1235  0.739433
1236  0.724807
1237  0.689376
1238  0.740587
1239  0.730523
1240  0.691208
1241  0.668906
1242  0.719877
1243  0.616795
1244  0.544049
1245  0.995828
1246  0.659978
1247  0.59986
1248  0.55726
1249  0.593864
1250  0.855415
1251  0.682178
1252  0.681704
1253  0.773316
1254  0.813027
1255  0.654598
1256  0.976479
1257  0.738413
1258  0.919413
1259  1.07099
1260  0.765118
1261  0.752809
1262  0.799632
1263  0.861881
1264  0.811228
1265  0.70964
1266  0.639383
1267  0.859803
1268  0.758206
1269  0.787812
1270  0.716349
1271  0.72289
1272  0.687697
1273  0.626651
1274  0.77851
1275  0.599051
1276  0.670958
1277  0.746238
1278  0.839073
1279  0.847729
1280  0.761786
1281  0.759369
1282  0.709005
1283  0.692809
1284  0.772603
1285  0.696137
1286  0.654117
1287  0.77441
1288  0.718483
1289  0.777194
1290  0.681971
1291  0.7092
1292  1.05108
1293  1.02825
1294  0.715392
1295  0.839433
1296  0.753924
1297  0.701725
1298  0.590613
1299  0.800796
1300  0.926197
1301  0.722988
1302  0.721918
1303  0.677156
1304  0.789371
1305  0.660568
1306  0.625519
1307  0.671285
1308  0.657342
1309  0.758445
1310  0.615806
1311  0.628709
1312  0.623822
1313  0.577417
1314  0.645536
1315  0.831981
1316  0.6176
1317  0.889218
1318  0.793416
1319  0.778066
1320  0.664733
1321  0.698766
1322  0.710871
1323  0.73838
1324  0.766049
1325  0.632893
1326  0.716231
1327  0.702047
1328  0.626357
1329  0.527608
1330  0.75828
1331  0.741811
1332  0.743963
1333  0.723023
1334  0.823335
1335  0.83113
1336  0.871341
1337  0.811232
1338  1.0017
1339  1.03809
1340  0.699199
1341  0.668141
1342  0.639813
1343  0.721417
1344  0.687291
1345  0.81914
1346  0.808227
1347  0.921321
1348  0.947754
1349  1.08025
1350  0.570723
1351  0.594026
1352  0.628548
1353  0.735872
1354  0.686519
1355  0.754355
1356  0.740238
1357  0.667168
1358  0.832888
1359  0.894704
1360  0.655782
1361  1.01662
1362  0.853159
1363  0.909163
1364  0.643337
1365  0.600874
1366  0.503971
1367  0.771947
1368  0.936487
1369  0.565588
1370  0.590214
1371  0.829146
1372  0.767652
1373  0.79364
1374  0.671148
1375  0.711181
1376  0.664693
1377  0.762094
1378  0.927752
1379  0.97526
1380  0.705108
1381  0.767911
1382  0.775361
1383  0.694599
1384  0.722673
1385  0.737542
1386  0.741775
1387  0.601291
1388  0.520312
1389  0.5567
1390  0.605495
1391  0.615391
1392  0.607403
1393  0.720843
1394  1.15011
1395  0.577879
1396  0.830637
1397  0.780061
1398  1.29749
1399  0.818225
1400  0.680321
1401  0.675803
1402  0.705814
1403  0.599946
1404  0.626422
1405  0.871311
1406  1.12121
1407  0.852898
1408  0.658679
1409  0.601904
1410  0.624231
1411  0.705539
1412  0.734777
1413  0.635055
1414  0.624756
1415  0.866803
1416  0.616242
1417  0.626614
1418  1.27076
1419  0.835261
1420  0.841076
1421  0.714176
1422  0.717936
1423  0.767182
1424  0.794816
1425  0.722329
1426  0.528264
1427  0.576224
1428  0.682013
1429  0.705253
1430  0.829914
1431  0.85308
1432  0.896567
1433  0.79053
1434  0.898402
1435  0.837532
1436  0.662533
1437  0.628576
1438  0.620002
1439  0.96965
1440  0.681964
1441  0.698117
1442  0.505389
1443  0.503699
1444  0.529704
1445  0.531647
1446  0.515156
1447  0.502846
1448  0.927966
1449  0.850622
1450  0.675156
1451  0.52157
1452  0.695356
1453  0.768817
1454  0.799482
1455  0.96766
1456  0.741407
1457  0.638358
1458  0.714022
1459  0.653769
1460  0.831128
1461  0.89399
1462  1.01229
1463  0.937127
1464  1.02284
1465  1.02143
1466  1.00571
1467  0.984664
1468  0.594326
1469  0.720262
1470  0.552644
1471  0.590075
1472  0.880165
1473  0.564412
1474  0.494937
1475  0.517836
1476  0.741064
1477  0.728283
1478  0.699345
1479  0.742196
1480  0.624316
1481  0.779094
1482  0.806423
1483  0.757993
1484  0.847279
1485  0.596345
1486  0.608519
1487  0.570087
1488  0.561411
1489  0.697486
1490  0.643108
1491  0.772852
1492  0.77096
1493  0.727524
1494  0.713372
1495  0.719173
1496  0.875633
1497  0.786192
1498  0.976894
1499  0.943064
1500  0.758849
501  0.190454
502  0.24221
503  0.212224
504  0.198451
505  0.236205
506  0.312584
507  0.248403
508  0.209725
509  0.205779
510  0.223341
511  0.25629
512  0.26886
513  0.31118
514  0.248787
515  0.245743
516  0.232731
517  0.191787
518  0.175703
519  0.209141
520  0.200341
521  0.203838
522  0.264207
523  0.225076
524  0.199954
525  0.164798
526  0.166917
527  0.165265
528  0.244803
529  0.163941
530  0.316743
531  0.257027
532  0.248194
533  0.169099
534  0.173786
535  0.190092
536  0.19494
537  0.276094
538  0.206956
539  0.21776
540  0.227648
541  0.245202
542  0.217872
543  0.265894
544  0.225297
545  0.242991
546  0.225117
547  0.308296
548  0.272133
549  0.232922
550  0.199503
551  0.219579
552  0.249715
553  0.26885
554  0.266522
555  0.219101
556  0.191631
557  0.213297
558  0.269186
559  0.260864
560  0.233774
561  0.226037
562  0.176166
563  0.208062
564  0.197235
565  0.211184
566  0.219163
567  0.320412
568  0.232565
569  0.199925
570  0.186239
571  0.222123
572  0.229538
573  0.185197
574  0.233448
575  0.184924
576  0.225224
577  0.241821
578  0.26131
579  0.208589
580  0.20099
581  0.237092
582  0.22029
583  0.206839
584  0.203245
585  0.254788
586  0.243501
587  0.303547
588  0.312719
589  0.36311
590  0.343749
591  0.304568
592  0.184179
593  0.189679
594  0.190443
595  0.240552
596  0.274417
597  0.1792
598  0.248306
599  0.178334
600  0.204524
601  0.175017
602  0.247497
603  0.35604
604  0.26372
605  0.250124
606  0.185787
607  0.30257
608  0.179925
609  0.194831
610  0.197781
611  0.221868
612  0.19077
613  0.198815
614  0.262117
615  0.190169
616  0.24024
617  0.246178
618  0.221863
619  0.201241
620  0.274528
621  0.185727
622  0.226277
623  0.256806
624  0.258326
625  0.156673
626  0.200643
627  0.180187
628  0.176926
629  0.228
630  0.21043
631  0.277713
632  0.191835
633  0.246676
634  0.283761
635  0.29273
636  0.291368
637  0.262024
638  0.209554
639  0.180024
640  0.187737
641  0.155558
642  0.209428
643  0.296011
644  0.205837
645  0.216975
646  0.230721
647  0.173355
648  0.176042
649  0.213973
650  0.218916
651  0.250036
652  0.252795
653  0.264134
654  0.225611
655  0.222491
656  0.253216
657  0.246813
658  0.221049
659  0.232556
660  0.231816
661  0.200236
662  0.24281
663  0.267516
664  0.167845
665  0.225358
666  0.220008
667  0.17987
668  0.187821
669  0.189723
670  0.207565
671  0.193739
672  0.195027
673  0.252172
674  0.26586
675  0.265129
676  0.304048
677  0.293068
678  0.221804
679  0.242045
680  0.230421
681  0.2065
682  0.282923
683  0.219697
684  0.193483
685  0.232237
686  0.28047
687  0.201205
688  0.215006
689  0.208321
690  0.237941
691  0.179629
692  0.181216
693  0.218863
694  0.294499
695  0.239495
696  0.22762
697  0.238822
698  0.252041
699  0.221505
700  0.151873
701  0.168539
702  0.193403
703  0.217707
704  0.249417
705  0.200866
706  0.198714
707  0.199165
708  0.233401
709  0.19813
710  0.205367
711  0.247141
712  0.194009
713  0.211685
714  0.296014
715  0.219868
716  0.175757
717  0.202589
718  0.288539
719  0.27958
720  0.227881
721  0.18907
722  0.176407
723  0.229286
724  0.241654
725  0.345735
726  0.160772
727  0.203028
728  0.187471
729  0.166712
730  0.172032
731  0.267344
732  0.185822
733  0.184952
734  0.2345
735  0.174692
736  0.195665
737  0.175648
738  0.169866
739  0.172218
740  0.353184
741  0.283267
742  0.252244
743  0.265211
744  0.213987
745  0.257946
746  0.18318
747  0.215305
748  0.16523
749  0.204385
750  0.186127
751  0.169682
752  0.190263
753  0.221827
754  0.229298
755  0.218825
756  0.222065
757  0.217422
758  0.242908
759  0.224741
760  0.31242
761  0.206635
762  0.207112
763  0.222471
764  0.212231
765  0.237513
766  0.164221
767  0.174926
768  0.209823
769  0.197981
770  0.196256
771  0.209432
772  0.195558
773  0.201816
774  0.203967
775  0.183943
776  0.203221
777  0.251643
778  0.207106
779  0.180129
780  0.190552
781  0.202839
782  0.218748
783  0.156439
784  0.268603
785  0.259524
786  0.16472
787  0.17292
788  0.190639
789  0.20277
790  0.279068
791  0.221159
792  0.202823
793  0.214155
794  0.216543
795  0.216816
796  0.303672
797  0.360924
798  0.224054
799  0.355459
800  0.297258
801  0.310252
802  0.263196
803  0.185138
804  0.2161
805  0.256024
806  0.248059
807  0.189237
808  0.251349
809  0.195156
810  0.222763
811  0.181369
812  0.239193
813  0.255645
814  0.198659
815  0.196058
816  0.206256
817  0.213365
818  0.204694
819  0.221599
820  0.20124
821  0.304958
822  0.305253
823  0.304149
824  0.164784
825  0.171107
826  0.362047
827  0.326303
828  0.381317
829  0.204458
830  0.209327
831  0.216259
832  0.269751
833  0.281053
834  0.299841
835  0.156683
836  0.178863
837  0.178898
838  0.202014
839  0.186176
840  0.19877
841  0.204074
842  0.300142
843  0.206955
844  0.258927
845  0.20953
846  0.214494
847  0.223449
848  0.230473
849  0.292765
850  0.263058
851  0.169926
852  0.297663
853  0.234971
854  0.331599
855  0.287994
856  0.248679
857  0.214812
858  0.253201
859  0.24696
860  0.20151
861  0.231437
862  0.203125
863  0.229322
864  0.275687
865  0.272814
866  0.219226
867  0.202768
868  0.337822
869  0.242641
870  0.257588
871  0.220286
872  0.197153
873  0.221975
874  0.17512
875  0.146386
876  0.211823
877  0.163877
878  0.182854
879  0.171899
880  0.233645
881  0.323513
882  0.162741
883  0.161816
884  0.164447
885  0.197762
886  0.24339
887  0.212116
888  0.234125
889  0.210514
890  0.252708
891  0.252997
892  0.235652
893  0.170736
894  0.170552
895  0.196988
896  0.241727
897  0.238034
898  0.269073
899  0.267956
900  0.219753
901  0.251132
902  0.312123
903  0.261132
904  0.255661
905  0.29934
906  0.194265
907  0.235769
908  0.259025
909  0.239109
910  0.178488
911  0.172685
912  0.199907
913  0.206357
914  0.249133
915  0.194819
916  0.191896
917  0.198657
918  0.348618
919  0.333829
920  0.202904
921  0.252925
922  0.202082
923  0.221135
924  0.216089
925  0.192942
926  0.267731
927  0.252703
928  0.242361
929  0.188004
930  0.174298
931  0.183694
932  0.195405
933  0.196758
934  0.207401
935  0.215978
936  0.194908
937  0.242538
938  0.31272
939  0.180726
940  0.187095
941  0.183401
942  0.236069
943  0.246239
944  0.204487
945  0.174248
946  0.181076
947  0.248831
948  0.19282
949  0.186408
950  0.19329
951  0.188285
952  0.178173
953  0.186861
954  0.228107
955  0.295078
956  0.230675
957  0.292422
958  0.27135
959  0.382516
960  0.35032
961  0.32198
962  0.26408
963  0.185827
964  0.304849
965  0.162169
966  0.189329
967  0.193639
968  0.203678
969  0.181769
970  0.285194
971  0.199615
972  0.194408
973  0.23335
974  0.253787
975  0.146887
976  0.159417
977  0.165559
978  0.152951
979  0.162126
980  0.175567
981  0.27193
982  0.292622
983  0.200442
984  0.209752
985  0.233648
986  0.189975
987  0.235841
988  0.221102
989  0.222796
990  0.20419
991  0.198419
992  0.224973
993  0.220009
994  0.176048
995  0.203777
996  0.220117
997  0.171848
998  0.171668
999  0.180014
1000  0.182004
1001  0.192924
1002  0.196022
1003  0.264458
1004  0.232978
1005  0.221918
1006  0.257941
1007  0.185485
1008  0.187257
1009  0.27653
1010  0.212965
1011  0.186477
1012  0.163348
1013  0.180457
1014  0.191693
1015  0.238337
1016  0.192947
1017  0.19065
1018  0.211306
1019  0.182863
1020  0.22597
1021  0.239511
1022  0.250901
1023  0.272191
1024  0.218421
1025  0.244844
1026  0.287558
1027  0.252628
1028  0.271511
1029  0.28998
1030  0.343931
1031  0.348747
1032  0.196684
1033  0.20677
1034  0.196204
1035  0.219588
1036  0.20487
1037  0.231403
1038  0.164502
1039  0.231298
1040  0.202011
1041  0.204763
1042  0.26481
1043  0.256339
1044  0.217596
1045  0.168383
1046  0.173007
1047  0.208932
1048  0.210923
1049  0.246429
1050  0.25697
1051  0.27036
1052  0.186771
1053  0.189451
1054  0.1964
1055  0.180834
1056  0.212564
1057  0.192309
1058  0.202312
1059  0.161474
1060  0.162011
1061  0.199228
1062  0.191018
1063  0.224936
1064  0.247724
1065  0.233596
1066  0.189914
1067  0.250176
1068  0.215246
1069  0.273536
1070  0.272993
1071  0.204326
1072  0.207569
1073  0.211469
1074  0.227946
1075  0.212305
1076  0.249155
1077  0.231908
1078  0.207992
1079  0.218021
1080  0.18447
1081  0.227273
1082  0.199214
1083  0.235683
1084  0.233843
1085  0.241598
1086  0.286718
1087  0.301748
1088  0.203087
1089  0.211669
1090  0.230422
1091  0.198421
1092  0.226721
1093  0.21046
1094  0.199957
1095  0.208135
1096  0.176428
1097  0.26961
1098  0.190093
1099  0.269024
1100  0.214799
1101  0.204345
1102  0.252507
1103  0.292762
1104  0.285468
1105  0.213938
1106  0.246126
1107  0.20914
1108  0.241742
1109  0.256815
1110  0.193784
1111  0.204234
1112  0.198449
1113  0.180706
1114  0.168625
1115  0.237943
1116  0.205548
1117  0.170659
1118  0.202443
1119  0.198577
1120  0.260533
1121  0.259106
1122  0.131904
1123  0.218255
1124  0.224067
1125  0.253927
1126  0.21667
1127  0.206297
1128  0.228357
1129  0.215447
1130  0.193191
1131  0.206009
1132  0.212646
1133  0.205923
1134  0.193875
1135  0.329054
1136  0.18882
1137  0.347028
1138  0.44067
1139  0.43216
1140  0.140473
1141  0.196127
1142  0.234413
1143  0.267279
1144  0.212186
1145  0.259531
1146  0.264771
1147  0.22602
1148  0.255263
1149  0.192178
1150  0.256243
1151  0.173171
1152  0.242836
1153  0.20843
1154  0.215453
1155  0.189368
1156  0.242068
1157  0.19066
1158  0.181579
1159  0.157398
1160  0.198834
1161  0.212833
1162  0.198435
1163  0.262754
1164  0.191836
1165  0.195605
1166  0.251082
1167  0.221621
1168  0.167409
1169  0.175423
1170  0.23055
1171  0.211249
1172  0.220696
1173  0.285169
1174  0.289628
1175  0.247477
1176  0.234362
1177  0.21652
1178  0.215657
1179  0.271807
1180  0.259142
1181  0.192712
1182  0.173536
1183  0.213356
1184  0.207329
1185  0.275632
1186  0.193443
1187  0.195316
1188  0.202522
1189  0.242284
1190  0.198069
1191  0.189172
1192  0.228679
1193  0.237297
1194  0.275133
1195  0.178519
1196  0.1576
1197  0.197867
1198  0.331546
1199  0.238645
1200  0.207822
1201  0.207674
1202  0.190126
1203  0.299737
1204  0.242647
1205  0.289228
1206  0.206386
1207  0.179791
1208  0.211224
1209  0.188423
1210  0.19868
1211  0.263332
1212  0.182163
1213  0.186148
1214  0.184521
1215  0.256159
1216  0.276095
1217  0.179356
1218  0.208518
1219  0.314981
1220  0.214119
1221  0.182362
1222  0.301648
1223  0.209634
1224  0.233893
1225  0.184766
1226  0.249569
1227  0.288441
1228  0.244675
1229  0.19904
1230  0.227047
1231  0.232011
1232  0.235354
1233  0.188536
1234  0.217854
1235  0.297606
1236  0.248228
1237  0.23841
1238  0.20605
1239  0.20877
1240  0.171428
1241  0.245034
1242  0.20629
1243  0.244755
1244  0.246318
1245  0.231274
1246  0.189918
1247  0.208482
1248  0.299131
1249  0.341307
1250  0.312921
1251  0.282722
1252  0.221586
1253  0.223536
1254  0.246628
1255  0.248507
1256  0.201195
1257  0.221373
1258  0.204578
1259  0.220678
1260  0.172079
1261  0.170362
1262  0.189722
1263  0.215478
1264  0.256678
1265  0.23433
1266  0.255096
1267  0.286905
1268  0.252859
1269  0.272678
1270  0.192889
1271  0.200918
1272  0.17063
1273  0.198369
1274  0.178121
1275  0.25443
1276  0.262512
1277  0.250306
1278  0.273683
1279  0.296752
1280  0.238857
1281  0.299815
1282  0.206278
1283  0.238524
1284  0.21157
1285  0.206257
1286  0.288182
1287  0.289343
1288  0.267071
1289  0.280692
1290  0.28632
1291  0.302344
1292  0.184099
1293  0.183375
1294  0.287484
1295  0.256225
1296  0.221001
1297  0.160765
1298  0.22517
1299  0.189649
1300  0.190654
1301  0.191071
1302  0.14957
1303  0.158611
1304  0.185329
1305  0.205714
1306  0.168913
1307  0.183748
1308  0.225637
1309  0.20581
1310  0.238883
1311  0.190001
1312  0.198557
1313  0.269872
1314  0.156323
1315  0.194211
1316  0.160167
1317  0.177184
1318  0.219037
1319  0.235482
1320  0.218579
1321  0.258307
1322  0.333844
1323  0.205833
1324  0.267407
1325  0.252091
1326  0.203052
1327  0.227179
1328  0.209786
1329  0.224461
1330  0.246777
1331  0.21424
1332  0.213483
1333  0.320021
1334  0.202847
1335  0.208911
1336  0.272439
1337  0.249715
1338  0.248615
1339  0.242491
1340  0.239496
1341  0.175758
1342  0.194041
1343  0.191775
1344  0.274982
1345  0.246936
1346  0.183296
1347  0.235497
1348  0.174498
1349  0.292213
1350  0.300215
1351  0.212305
1352  0.21409
1353  0.194137
1354  0.231361
1355  0.236473
1356  0.253482
1357  0.255503
1358  0.231574
1359  0.313619
1360  0.230069
1361  0.224955
1362  0.220849
1363  0.218011
1364  0.256067
1365  0.245516
1366  0.17362
1367  0.208405
1368  0.210687
1369  0.268185
1370  0.255661
1371  0.1908
1372  0.273742
1373  0.20993
1374  0.190415
1375  0.182882
1376  0.214049
1377  0.277294
1378  0.24921
1379  0.242614
1380  0.164778
1381  0.161432
1382  0.258322
1383  0.268079
1384  0.208844
1385  0.263757
1386  0.313636
1387  0.254481
1388  0.209251
1389  0.25931
1390  0.230533
1391  0.311264
1392  0.218277
1393  0.250601
1394  0.222427
1395  0.221134
1396  0.277272
1397  0.259748
1398  0.196254
1399  0.238665
1400  0.265581
1401  0.205365
1402  0.163184
1403  0.156398
1404  0.160881
1405  0.207139
1406  0.223734
1407  0.220929
1408  0.220608
1409  0.221356
1410  0.189839
1411  0.20565
1412  0.171536
1413  0.289518
1414  0.411921
1415  0.207934
1416  0.196688
1417  0.200712
1418  0.28688
1419  0.296119
1420  0.205182
1421  0.306621
1422  0.223341
1423  0.276742
1424  0.299256
1425  0.227573
1426  0.203197
1427  0.187417
1428  0.214417
1429  0.272649
1430  0.170736
1431  0.189352
1432  0.241993
1433  0.234032
1434  0.239003
1435  0.23573
1436  0.224655
1437  0.250263
1438  0.25519
1439  0.232735
1440  0.245454
1441  0.225073
1442  0.225684
1443  0.256555
1444  0.254083
1445  0.254575
1446  0.246766
1447  0.209438
1448  0.20836
1449  0.295102
1450  0.265463
1451  0.218775
1452  0.216885
1453  0.163977
1454  0.16636
1455  0.227963
1456  0.240902
1457  0.189814
1458  0.193797
1459  0.217569
1460  0.257943
1461  0.233164
1462  0.281658
1463  0.214924
1464  0.284586
1465  0.279918
1466  0.24756
1467  0.361899
1468  0.199473
1469  0.191609
1470  0.302212
1471  0.206172
1472  0.216194
1473  0.369916
1474  0.141412
1475  0.135259
1476  0.133115
1477  0.133255
1478  0.177155
1479  0.186493
1480  0.179461
1481  0.241101
1482  0.198469
1483  0.278302
1484  0.223816
1485  0.204676
1486  0.180747
1487  0.232637
1488  0.211462
1489  0.241133
1490  0.243745
1491  0.216755
1492  0.140222
1493  0.212527
1494  0.164169
1495  0.295228
1496  0.307118
1497  0.231935
1498  0.276194
1499  0.194453
1500  0.214903
