501  0.0130035
502  0.272144
503  0.439253
504  0.656147
505  0.536375
506  0.415057
507  0.409913
508  0.218712
509  0.541596
510  0.116552
511  0.497045
512  0.189939
513  0.274994
514  0.0357953
515  0.0328738
516  0.407423
517  0.178214
518  0.555128
519  0.304856
520  0.374561
521  0.415129
522  0.484295
523  0.427181
524  0.263529
525  0.45113
526  0.559563
527  0.37111
528  0.532655
529  0.425112
530  0.408477
531  0.113425
532  0.123945
533  0.213025
534  0.432949
535  0.530625
536  0.463682
537  0.449217
538  0.484242
539  0.242329
540  0.344775
541  0.24445
542  0.273781
543  0.268835
544  -0.0439974
545  -0.12856
546  0.215484
547  0.61569
548  0.416241
549  -0.10249
550  0.452619
551  0.305777
552  0.287489
553  0.277573
554  0.136171
555  0.051802
556  0.180491
557  0.1356
558  0.407635
559  0.629072
560  0.475364
561  0.566078
562  -0.0275202
563  0.259595
564  0.424062
565  0.326748
566  0.329774
567  0.319873
568  0.329631
569  0.354673
570  0.225447
571  0.414701
572  0.533527
573  0.46511
574  0.16421
575  0.591594
576  0.44091
577  0.443636
578  0.152579
579  0.25045
580  0.323718
581  0.408868
582  0.461844
583  0.397973
584  0.305708
585  0.50664
586  -0.0242938
587  0.318447
588  0.467144
589  0.0782469
590  0.0145864
591  -0.0684075
592  -0.204026
593  -0.0676627
594  0.194122
595  0.265218
596  0.287101
597  0.300546
598  0.181153
599  0.283197
600  0.492752
601  0.151219
602  0.179868
603  0.127743
604  0.602692
605  0.391056
606  0.70506
607  0.225918
608  0.332845
609  0.589659
610  0.106517
611  0.142393
612  0.200733
613  0.311257
614  0.279921
615  0.327932
616  0.098872
617  0.0284441
618  0.0555273
619  -0.0655372
620  0.188161
621  0.0248196
622  0.121407
623  0.373499
624  0.0808693
625  0.0221018
626  -0.0121873
627  0.507832
628  0.414874
629  0.421148
630  0.310294
631  0.443323
632  0.203329
633  0.600698
634  0.520558
635  0.30433
636  -0.056115
637  0.0984743
638  0.0923097
639  0.533018
640  0.487154
641  0.151514
642  0.121596
643  0.378194
644  0.658353
645  -0.00770755
646  0.294982
647  0.452398
648  0.285664
649  0.370683
650  0.559893
651  0.162726
652  0.365437
653  0.321381
654  0.399333
655  -0.206479
656  0.074523
657  -0.325177
658  0.448886
659  0.305247
660  0.517489
661  0.671516
662  0.478688
663  0.489733
664  -0.00974951
665  -0.014887
666  0.627543
667  0.185527
668  0.16798
669  0.42397
670  0.35927
671  0.610592
672  0.615169
673  0.623798
674  0.667381
675  -0.0086274
676  0.50121
677  0.581515
678  0.396089
679  0.45134
680  0.571746
681  0.569424
682  0.555089
683  0.705027
684  0.690661
685  0.566432
686  -0.0118506
687  0.0953108
688  0.21841
689  0.396138
690  0.327229
691  0.654377
692  0.73594
693  0.735414
694  0.643135
695  0.00179019
696  0.314488
697  0.349825
698  0.151215
699  0.383168
700  0.63036
701  0.0454644
702  0.389213
703  0.259366
704  0.289635
705  0.247293
706  0.227412
707  0.258378
708  -0.0392984
709  -0.231713
710  0.208948
711  0.50377
712  0.459874
713  -0.0528004
714  0.343573
715  0.282118
716  0.376937
717  0.400576
718  0.274436
719  0.393716
720  0.115343
721  0.287487
722  0.385292
723  0.220758
724  0.375419
725  0.516367
726  0.0526072
727  0.12482
728  0.386516
729  0.221388
730  0.0297376
731  0.00520716
732  0.161169
733  0.267532
734  0.449713
735  0.277864
736  0.369475
737  0.103261
738  0.57794
739  0.592129
740  0.136918
741  0.141879
742  0.00108243
743  0.0884667
744  0.113481
745  0.417293
746  0.405768
747  0.610676
748  0.308601
749  0.229927
750  0.269895
751  0.423874
752  0.311729
753  0.270334
754  0.377341
755  0.290485
756  0.326662
757  0.348464
758  0.367987
759  0.417321
760  0.369952
761  0.191426
762  0.341992
763  0.435075
764  0.197896
765  0.20872
766  0.187457
767  0.164427
768  0.698591
769  0.190759
770  0.257341
771  0.346483
772  0.338058
773  0.229294
774  0.310056
775  -0.0681779
776  0.685681
777  0.0936931
778  0.0774805
779  0.161001
780  0.515967
781  0.464873
782  0.281715
783  0.345773
784  0.247206
785  0.165021
786  0.18917
787  -0.0206612
788  0.291151
789  0.389568
790  0.0556244
791  0.408497
792  0.0114056
793  0.600538
794  0.577663
795  0.4392
796  0.411909
797  0.214312
798  0.08063
799  0.223317
800  0.598659
801  0.0662086
802  0.39826
803  0.620292
804  0.519915
805  0.411864
806  0.132286
807  -0.0812263
808  0.237559
809  0.43703
810  0.177694
811  0.457546
812  0.19131
813  0.15419
814  0.607607
815  0.277875
816  0.119002
817  0.459038
818  0.448008
819  0.317994
820  0.162387
821  0.523862
822  0.518959
823  0.239319
824  0.130954
825  0.158364
826  0.207177
827  0.495234
828  0.167502
829  0.206822
830  0.0876566
831  0.0334471
832  0.204096
833  0.264154
834  0.387975
835  0.307319
836  0.694084
837  0.415719
838  0.605957
839  0.49726
840  0.474335
841  0.31663
842  0.314263
843  0.205696
844  0.35541
845  0.402066
846  0.327998
847  0.410178
848  0.292583
849  0.247277
850  0.360709
851  0.414711
852  0.409157
853  0.521998
854  0.409446
855  0.424782
856  0.532694
857  0.419626
858  -0.0891719
859  0.537123
860  0.369072
861  0.0477924
862  0.360687
863  0.213798
864  0.247957
865  0.144488
866  -0.0594959
867  -0.0934835
868  0.0861952
869  0.2245
870  0.0456748
871  0.0329089
872  0.448111
873  -0.0182333
874  0.497224
875  0.326135
876  0.322118
877  0.42136
878  0.479139
879  0.250415
880  0.303282
881  0.146222
882  0.387505
883  0.297315
884  0.309314
885  0.309348
886  0.308529
887  0.487551
888  0.164896
889  0.644786
890  0.559508
891  0.117649
892  0.124263
893  -0.109324
894  -0.0234274
895  0.0182102
896  -0.2073
897  0.51868
898  0.489445
899  0.0476779
900  0.113837
901  0.134671
902  0.224596
903  0.36792
904  0.242627
905  0.0812872
906  0.0497078
907  0.208354
908  0.161667
909  0.387626
910  0.180819
911  0.443388
912  0.213435
913  0.257221
914  0.342079
915  0.485923
916  0.515203
917  0.559915
918  0.485851
919  0.354694
920  0.307292
921  0.0894816
922  0.0532365
923  -0.0572805
924  0.349394
925  0.311125
926  0.341799
927  0.167844
928  0.463802
929  0.321647
930  0.24844
931  0.662026
932  0.196644
933  0.223751
934  0.421206
935  0.606695
936  0.613883
937  0.410285
938  -0.00496574
939  0.381553
940  0.247919
941  0.444905
942  0.421675
943  0.0840697
944  0.277276
945  0.47748
946  0.42216
947  -0.009634
948  0.0611907
949  0.138454
950  0.0674097
951  0.435336
952  0.518053
953  0.186136
954  0.0777837
955  0.499121
956  0.454469
957  0.140014
958  0.389892
959  0.0483648
960  0.331367
961  0.533635
962  0.437094
963  0.156757
964  0.25102
965  0.261745
966  0.306844
967  0.410726
968  0.454239
969  -0.194861
970  0.0171783
971  0.408121
972  0.228434
973  0.195067
974  0.393493
975  0.226996
976  0.345883
977  0.0230486
978  0.22988
979  0.307021
980  0.280508
981  0.673887
982  0.0901518
983  0.581696
984  0.370751
985  0.568832
986  0.0145846
987  0.140754
988  0.527364
989  0.398354
990  0.437193
991  0.423711
992  -0.0541703
993  -0.0582236
994  0.186924
995  0.315254
996  0.229636
997  0.145828
998  -0.00815798
999  0.0893884
1000  0.642138
1001  -0.0271265
1002  0.0535908
1003  0.0933149
1004  0.477356
1005  0.412059
1006  0.386346
1007  0.392743
1008  0.145669
1009  0.346869
1010  0.355051
1011  0.268568
1012  0.0580467
1013  0.271405
1014  0.222573
1015  0.0646143
1016  0.303532
1017  -0.0760189
1018  -0.0421745
1019  0.10338
1020  0.307804
1021  0.0437233
1022  0.463452
1023  0.521254
1024  0.629219
1025  0.164525
1026  0.480104
1027  0.410104
1028  0.255981
1029  0.320591
1030  0.103197
1031  0.137189
1032  0.415731
1033  0.290424
1034  0.0167433
1035  -0.0647763
1036  0.0654502
1037  -0.185019
1038  0.192234
1039  0.302051
1040  0.0321453
1041  0.542845
1042  0.529418
1043  0.52626
1044  0.726258
1045  0.332015
1046  0.493735
1047  -0.181746
1048  -0.170145
1049  0.293182
1050  0.506785
1051  0.49478
1052  0.431368
1053  0.370599
1054  0.438621
1055  0.503462
1056  0.23222
1057  0.422448
1058  0.315922
1059  0.298054
1060  0.580572
1061  0.501518
1062  0.14039
1063  0.605134
1064  0.580412
1065  0.611866
1066  0.672674
1067  0.0813772
1068  -0.0154103
1069  0.153187
1070  0.357346
1071  0.080509
1072  0.0145185
1073  -0.0302687
1074  0.306886
1075  0.325774
1076  0.32017
1077  0.262156
1078  0.276197
1079  0.0180801
1080  -0.0370111
1081  0.000517941
1082  0.0988044
1083  0.0783645
1084  0.135713
1085  0.390935
1086  0.280594
1087  0.447121
1088  0.207881
1089  0.10575
1090  -0.00185379
1091  0.516301
1092  0.658652
1093  0.612863
1094  0.0190063
1095  0.104925
1096  0.454879
1097  0.501094
1098  0.448725
1099  0.342002
1100  0.388126
1101  0.315083
1102  0.258852
1103  0.325322
1104  0.693475
1105  0.72929
1106  0.381658
1107  0.39993
1108  0.268434
1109  0.125404
1110  0.0850837
1111  0.0712213
1112  0.230464
1113  0.282364
1114  0.543326
1115  0.632567
1116  0.595598
1117  0.415423
1118  0.160998
1119  0.125567
1120  0.430729
1121  0.182126
1122  0.085733
1123  0.104232
1124  0.14584
1125  0.0878832
1126  0.68347
1127  0.673098
1128  0.682146
1129  0.606182
1130  0.50718
1131  0.569399
1132  0.0316698
1133  -0.0899789
1134  0.53019
1135  0.187079
1136  0.0387248
1137  0.0414906
1138  0.635512
1139  0.560719
1140  0.483169
1141  0.448659
1142  0.192165
1143  0.236468
1144  0.395573
1145  0.321803
1146  0.401768
1147  0.187743
1148  0.361101
1149  0.363752
1150  0.174247
1151  0.37531
1152  0.191468
1153  0.517485
1154  0.592208
1155  0.51171
1156  0.307543
1157  0.156045
1158  0.707108
1159  0.716488
1160  0.182996
1161  0.305329
1162  -0.210727
1163  0.494962
1164  0.508663
1165  0.603299
1166  0.675562
1167  0.650815
1168  0.414141
1169  0.507542
1170  0.517137
1171  0.273879
1172  -0.0302624
1173  0.440388
1174  0.467429
1175  0.00605927
1176  -0.093738
1177  0.0723349
1178  -0.0373752
1179  0.545352
1180  0.524994
1181  0.428758
1182  0.753841
1183  0.413693
1184  0.170728
1185  0.198749
1186  0.110069
1187  -0.0862122
1188  0.325427
1189  0.283333
1190  0.343091
1191  0.315463
1192  0.185147
1193  0.242297
1194  0.114051
1195  0.641425
1196  0.747167
1197  0.585966
1198  0.243187
1199  0.160635
1200  0.33805
1201  0.395201
1202  0.237167
1203  0.332076
1204  0.30977
1205  -0.0301377
1206  0.199366
1207  0.0332484
1208  0.208935
1209  0.0414273
1210  0.37296
1211  0.116147
1212  0.283717
1213  0.0813541
1214  -0.010503
1215  0.330783
1216  0.457989
1217  0.423008
1218  0.100291
1219  0.0831999
1220  0.0945529
1221  0.391982
1222  0.301354
1223  0.229932
1224  0.475831
1225  0.552184
1226  0.197644
1227  0.228883
1228  0.585344
1229  0.625904
1230  0.41425
1231  0.571871
1232  0.522083
1233  0.445375
1234  0.174369
1235  -0.0759033
1236  0.527681
1237  0.520484
1238  0.30036
1239  0.173622
1240  0.192855
1241  0.449123
1242  -0.0138099
1243  0.165263
1244  0.0703121
1245  0.570952
1246  0.39688
1247  0.357077
1248  0.186607
1249  0.212707
1250  0.352073
1251  0.0301873
1252  0.276287
1253  0.39397
1254  0.34481
1255  0.462618
1256  0.458818
1257  0.28815
1258  0.368136
1259  0.39248
1260  0.277516
1261  0.159664
1262  0.317144
1263  0.0991367
1264  0.243792
1265  0.344134
1266  0.573522
1267  0.497794
1268  0.536758
1269  0.516453
1270  0.51408
1271  0.358499
1272  0.122584
1273  0.327396
1274  0.395813
1275  0.504013
1276  0.100532
1277  0.43675
1278  0.434371
1279  0.300183
1280  0.409973
1281  0.151415
1282  0.148544
1283  0.326672
1284  0.275974
1285  0.409944
1286  0.534287
1287  0.57522
1288  0.303825
1289  0.319205
1290  0.265715
1291  0.271378
1292  0.274983
1293  0.277218
1294  0.329232
1295  0.141714
1296  0.19758
1297  0.141774
1298  0.508269
1299  0.554061
1300  0.625083
1301  0.576298
1302  -0.102587
1303  0.110226
1304  0.291555
1305  0.218163
1306  0.410888
1307  0.376645
1308  0.449026
1309  0.28234
1310  0.219204
1311  0.337993
1312  0.402154
1313  0.479582
1314  0.267247
1315  0.276743
1316  0.241162
1317  0.574659
1318  0.616331
1319  0.662533
1320  0.0992371
1321  0.0230636
1322  0.282169
1323  0.197145
1324  -0.219602
1325  0.400088
1326  0.285782
1327  0.359647
1328  0.034293
1329  0.00941894
1330  0.652124
1331  0.52381
1332  0.555665
1333  0.0935634
1334  0.590713
1335  0.430086
1336  0.618495
1337  0.604994
1338  0.496241
1339  0.486477
1340  -0.134251
1341  -0.234129
1342  0.419962
1343  0.453455
1344  0.154287
1345  0.338042
1346  0.120087
1347  0.554026
1348  0.127401
1349  0.320504
1350  0.649537
1351  0.645936
1352  0.111885
1353  0.0338326
1354  0.082979
1355  0.516637
1356  0.742335
1357  0.401068
1358  0.480836
1359  0.3772
1360  0.420381
1361  0.417789
1362  0.43937
1363  0.449526
1364  0.414077
1365  0.222246
1366  0.0713089
1367  -0.332643
1368  -0.355475
1369  0.461847
1370  0.434268
1371  0.22654
1372  0.312497
1373  0.0919483
1374  0.0299012
1375  -0.0444716
1376  -0.0907255
1377  0.440484
1378  0.365417
1379  0.43279
1380  0.523331
1381  0.343679
1382  0.570126
1383  0.351844
1384  0.185202
1385  0.446342
1386  0.450485
1387  0.240822
1388  0.296599
1389  0.287436
1390  0.0175104
1391  0.201318
1392  0.346399
1393  0.435126
1394  0.425222
1395  0.37105
1396  0.727916
1397  0.743815
1398  0.487175
1399  0.64348
1400  0.557169
1401  0.504853
1402  0.256038
1403  0.578702
1404  0.120504
1405  0.217859
1406  0.221395
1407  0.0242473
1408  0.00326926
1409  -0.0532788
1410  -0.2058
1411  -0.0784259
1412  0.289823
1413  0.284844
1414  0.12684
1415  0.0512139
1416  -0.0418716
1417  -0.00813644
1418  0.0095032
1419  0.424575
1420  0.384667
1421  0.181305
1422  0.537955
1423  0.0771143
1424  0.182232
1425  0.544969
1426  0.578663
1427  0.292066
1428  0.0811823
1429  0.107965
1430  0.174841
1431  0.191853
1432  0.308385
1433  0.158255
1434  0.246689
1435  0.27778
1436  0.146283
1437  0.116496
1438  0.360316
1439  0.228873
1440  0.371681
1441  -0.23787
1442  0.350551
1443  0.280487
1444  0.281435
1445  0.0176815
1446  0.095164
1447  0.325257
1448  0.103222
1449  0.162271
1450  0.246728
1451  0.241299
1452  0.276756
1453  0.525889
1454  0.0825892
1455  0.0856506
1456  0.0171329
1457  0.130955
1458  0.264721
1459  0.378284
1460  0.484723
1461  0.0773376
1462  0.390753
1463  0.14979
1464  0.148543
1465  0.292932
1466  0.272772
1467  0.14375
1468  0.447424
1469  0.477436
1470  0.575625
1471  0.546931
1472  -0.213082
1473  -0.188951
1474  0.515354
1475  0.393835
1476  0.408838
1477  0.442866
1478  0.460999
1479  0.0166069
1480  0.384615
1481  0.370521
1482  0.224916
1483  0.392885
1484  0.171095
1485  0.333254
1486  0.31898
1487  -0.00191406
1488  -0.0357841
1489  0.327422
1490  0.0987908
1491  0.234573
1492  0.153384
1493  0.14967
1494  -0.00457656
1495  0.238791
1496  0.173633
1497  0.147484
1498  0.236295
1499  0.380337
1500  0.439547
501  2.75559
502  7.02613
503  6.1615
504  3.1522
505  6.93085
506  -2.19475
507  2.34102
508  2.65855
509  3.85501
510  -1.7096
511  -2.45362
512  -4.08561
513  -2.58149
514  2.91403
515  -1.0791
516  -5.31256
517  2.47929
518  0.00804588
519  3.61016
520  3.94008
521  1.86707
522  0.642641
523  2.58231
524  -2.09623
525  -6.90177
526  -3.6449
527  -0.21296
528  2.13984
529  4.18193
530  2.41552
531  0.743375
532  1.29319
533  1.66801
534  1.27281
535  -1.98912
536  1.20892
537  5.46799
538  -1.28632
539  4.82573
540  -0.471874
541  0.0304787
542  2.75505
543  -1.9126
544  -1.05568
545  -2.49022
546  5.81418
547  1.51455
548  3.45966
549  -2.05243
550  -4.03325
551  -7.44869
552  0.356061
553  -4.10653
554  2.94141
555  -2.81291
556  6.38845
557  -0.344972
558  2.15022
559  7.3004
560  2.04179
561  -3.9325
562  3.56871
563  3.79914
564  2.76729
565  3.34884
566  7.72052
567  -0.480918
568  -5.11164
569  -1.86419
570  1.36925
571  -3.31756
572  -0.735449
573  0.837833
574  0.442854
575  2.26067
576  -1.23351
577  -0.256237
578  0.672172
579  -1.68857
580  4.78
581  -1.59581
582  1.77945
583  6.91285
584  -0.202749
585  -3.64873
586  0.245571
587  -3.62307
588  -2.75795
589  3.62525
590  2.20943
591  -2.04406
592  2.40519
593  1.10067
594  0.0144895
595  -0.242572
596  5.49945
597  -0.928453
598  -1.17895
599  -0.800203
600  3.64452
601  2.63152
602  0.8659
603  2.48086
604  1.19248
605  -2.01379
606  -1.06484
607  3.68075
608  5.19429
609  3.55012
610  1.41693
611  -0.851834
612  -6.11659
613  2.66992
614  7.21938
615  -1.69341
616  -1.51964
617  1.8459
618  1.4166
619  4.57571
620  2.29979
621  -2.06873
622  1.07934
623  2.04128
624  -4.64241
625  4.90452
626  2.45884
627  -4.61957
628  -3.77705
629  -3.71914
630  -0.243708
631  -1.84716
632  3.04773
633  -2.75304
634  4.07946
635  0.883066
636  -4.86939
637  5.19927
638  3.21042
639  4.19685
640  4.44345
641  -2.21521
642  1.27547
643  -2.55716
644  0.936248
645  3.05892
646  2.47652
647  -2.62097
648  0.880486
649  2.46234
650  -1.13304
651  -1.9311
652  6.04686
653  -5.94262
654  5.39523
655  2.51661
656  3.91427
657  -3.71296
658  -2.11526
659  0.463837
660  2.63089
661  4.23943
662  -1.43733
663  -1.53322
664  2.2473
665  1.50832
666  -3.18977
667  4.88639
668  1.02989
669  -1.0149
670  -0.141644
671  -7.73096
672  -5.32489
673  -3.75837
674  3.02829
675  5.93034
676  4.84547
677  1.97783
678  3.49626
679  1.26978
680  3.24919
681  0.881401
682  2.97095
683  3.85816
684  4.73424
685  3.97968
686  4.10061
687  1.87004
688  -0.558943
689  2.18107
690  3.71971
691  4.33989
692  1.38401
693  4.99996
694  3.62202
695  0.732726
696  4.84018
697  -0.550246
698  2.59902
699  -1.11329
700  -3.44277
701  0.345056
702  -1.02539
703  -3.81796
704  4.5228
705  -4.93938
706  -2.25042
707  1.20729
708  2.20979
709  -1.3298
710  2.46581
711  4.53163
712  4.45073
713  -0.37948
714  2.20831
715  1.67068
716  1.82478
717  0.688482
718  0.978677
719  0.403449
720  -0.768289
721  5.47923
722  -5.73138
723  4.38194
724  -0.539677
725  -1.27271
726  3.94126
727  -2.31065
728  -4.41295
729  -0.0830118
730  -3.28395
731  -5.33164
732  4.71054
733  1.13167
734  0.432442
735  1.5318
736  2.93204
737  7.4971
738  5.0652
739  -0.64744
740  -0.0380374
741  -1.81356
742  2.39345
743  0.187655
744  2.20747
745  2.2551
746  0.902606
747  1.19858
748  -1.55288
749  3.56041
750  3.41479
751  5.10761
752  1.08377
753  1.23319
754  3.16342
755  -2.74356
756  -8.23926
757  2.1705
758  -2.47971
759  -4.16088
760  4.57186
761  1.57371
762  1.94495
763  5.13804
764  2.47121
765  4.17822
766  2.35092
767  1.14277
768  5.52348
769  1.24143
770  -0.30484
771  0.653608
772  3.55034
773  -0.314651
774  -1.76911
775  0.918342
776  -2.58007
777  1.02296
778  -1.38027
779  2.97153
780  -0.62093
781  1.60619
782  7.69203
783  -1.12166
784  1.502
785  0.092494
786  -4.04687
787  2.99702
788  2.50847
789  1.81459
790  4.38324
791  -0.469423
792  -3.79728
793  -4.67191
794  -8.26529
795  -4.3902
796  6.91348
797  -1.7173
798  2.37991
799  -0.798137
800  3.04978
801  2.81096
802  -3.24261
803  -5.11003
804  8.23652
805  0.29491
806  1.79531
807  2.90629
808  -0.59734
809  2.30465
810  2.11056
811  -2.85284
812  -3.79918
813  2.40398
814  7.13644
815  3.33592
816  -0.359776
817  3.93772
818  -1.97011
819  1.57371
820  0.760896
821  4.47571
822  -7.16758
823  -6.68262
824  2.95803
825  0.837319
826  4.46476
827  5.26064
828  0.291967
829  0.385212
830  1.13239
831  -6.5003
832  1.17406
833  0.305547
834  1.49357
835  0.229886
836  4.30462
837  2.7092
838  -0.063953
839  3.24276
840  -1.70491
841  0.98065
842  2.74649
843  -7.19344
844  -3.5741
845  1.13435
846  0.387731
847  -1.08928
848  0.528769
849  0.0558011
850  1.78308
851  3.14968
852  8.05293
853  3.13042
854  0.383787
855  -2.18014
856  -0.355883
857  0.991595
858  0.0802148
859  2.85559
860  -1.54077
861  0.448204
862  2.84062
863  3.43908
864  2.99214
865  1.99713
866  2.19597
867  -0.737406
868  5.36063
869  4.24178
870  0.212659
871  3.48209
872  0.699103
873  3.29242
874  11.1242
875  10.7486
876  4.92472
877  8.29902
878  3.44145
879  1.81237
880  -3.0377
881  -0.350143
882  0.871064
883  -5.79666
884  -6.84547
885  4.59571
886  10.1493
887  3.57863
888  -3.26488
889  -3.303
890  0.827327
891  4.39143
892  3.86683
893  5.47284
894  -1.81196
895  1.81802
896  2.78937
897  4.59612
898  2.09309
899  0.623998
900  3.11982
901  0.252629
902  -3.62329
903  3.64709
904  -2.08098
905  4.08594
906  2.98287
907  4.5642
908  -7.58534
909  -4.22471
910  6.3509
911  7.39652
912  5.17148
913  -1.296
914  1.15657
915  -5.36437
916  2.40586
917  1.44856
918  -6.49155
919  -1.74307
920  0.217591
921  0.320158
922  2.69933
923  0.44662
924  -0.369547
925  2.53217
926  -4.41295
927  -1.3767
928  -1.04318
929  3.43117
930  2.17201
931  2.52597
932  3.70716
933  -3.07013
934  2.40478
935  1.28395
936  0.901654
937  9.7738
938  -1.88746
939  1.39533
940  -3.53533
941  0.548202
942  3.63603
943  3.32071
944  4.12568
945  -4.51838
946  2.66797
947  -0.152226
948  2.31285
949  4.86715
950  0.395037
951  0.631297
952  1.4119
953  5.50765
954  1.49568
955  -0.978208
956  7.5871
957  -10.3154
958  0.76131
959  3.50294
960  3.87372
961  7.1766
962  -1.1777
963  1.87138
964  1.455
965  5.52696
966  -0.573675
967  -0.206851
968  -1.41764
969  3.14872
970  4.70175
971  0.814876
972  -6.15687
973  -0.151753
974  -0.53075
975  4.51455
976  -1.06093
977  -0.457516
978  3.46087
979  -3.228
980  -0.447066
981  -3.56495
982  0.619423
983  7.72587
984  1.53561
985  -0.682322
986  4.65393
987  5.03534
988  -0.648611
989  -0.539436
990  -2.48735
991  -1.86433
992  -2.11276
993  2.93145
994  1.04407
995  8.78855
996  -1.17267
997  3.75603
998  3.58035
999  -4.73824
1000  3.68001
1001  -0.137745
1002  1.11558
1003  3.13857
1004  5.17197
1005  3.04154
1006  2.03501
1007  1.01235
1008  -0.146994
1009  6.66647
1010  0.569946
1011  1.79218
1012  -1.64077
1013  0.817899
1014  3.95799
1015  4.60773
1016  4.4786
1017  -0.130108
1018  2.84755
1019  2.93488
1020  2.4219
1021  4.26462
1022  -8.27856
1023  -0.651317
1024  -0.0525664
1025  1.51823
1026  2.1665
1027  1.95025
1028  -0.463417
1029  0.391526
1030  0.168616
1031  2.72861
1032  3.62169
1033  2.4376
1034  1.96812
1035  3.89213
1036  -1.05203
1037  -0.99689
1038  -1.19568
1039  3.94127
1040  -0.300973
1041  -4.06051
1042  -1.66673
1043  -2.51921
1044  1.33527
1045  -0.84728
1046  4.22824
1047  -0.236039
1048  -0.831271
1049  -2.93593
1050  6.33363
1051  3.07275
1052  1.01692
1053  1.66685
1054  -1.62963
1055  -10.7222
1056  -1.77315
1057  -1.75747
1058  -2.26401
1059  -0.518871
1060  6.58125
1061  2.32274
1062  1.57137
1063  -0.244578
1064  0.32462
1065  -7.33609
1066  -0.236696
1067  3.03127
1068  -5.11421
1069  5.24674
1070  4.42626
1071  2.452
1072  -3.99568
1073  1.16999
1074  -0.15871
1075  1.66019
1076  -5.22856
1077  -0.116027
1078  0.34888
1079  -4.43288
1080  2.51742
1081  -0.479025
1082  -2.5618
1083  -1.97122
1084  -1.93324
1085  4.44822
1086  4.90774
1087  -2.11731
1088  -4.2841
1089  4.07046
1090  3.79755
1091  11.141
1092  10.5787
1093  2.07434
1094  3.28055
1095  -0.227341
1096  7.18687
1097  2.55239
1098  1.65335
1099  -2.73886
1100  -5.25263
1101  3.37011
1102  -0.852252
1103  1.01878
1104  6.01796
1105  5.63394
1106  0.496182
1107  0.995621
1108  -3.03211
1109  0.01494
1110  -2.72396
1111  3.2155
1112  -4.48197
1113  1.87453
1114  5.97278
1115  7.14655
1116  2.69148
1117  -2.07042
1118  0.478711
1119  1.48638
1120  0.981893
1121  3.87294
1122  -2.26356
1123  -1.14849
1124  -2.36149
1125  1.63018
1126  -0.716471
1127  5.31856
1128  2.86378
1129  2.0236
1130  0.916205
1131  -0.300584
1132  -4.38092
1133  2.20582
1134  1.40127
1135  -2.35341
1136  -1.98044
1137  -1.07663
1138  1.76873
1139  -5.47147
1140  -1.77401
1141  1.65206
1142  -2.57801
1143  -0.808015
1144  6.47046
1145  -0.708859
1146  -2.03716
1147  1.3653
1148  0.60515
1149  4.69637
1150  0.956117
1151  1.37253
1152  -0.122521
1153  0.539822
1154  2.72989
1155  -0.473614
1156  7.34961
1157  1.71294
1158  5.78486
1159  5.20362
1160  4.11808
1161  2.46304
1162  7.83354
1163  -0.0361029
1164  1.91248
1165  0.842895
1166  4.08905
1167  1.12874
1168  0.0953361
1169  0.247363
1170  -3.67192
1171  0.106796
1172  0.242274
1173  4.03859
1174  1.67969
1175  0.221043
1176  -0.902425
1177  1.28763
1178  1.83638
1179  1.65392
1180  -0.135669
1181  -1.02414
1182  2.18189
1183  0.903134
1184  4.88071
1185  5.01608
1186  2.6497
1187  0.215877
1188  -0.636869
1189  -1.286
1190  1.7939
1191  -0.504735
1192  5.58288
1193  4.677
1194  3.22926
1195  7.68558
1196  2.40879
1197  1.57156
1198  -1.98242
1199  2.86788
1200  -2.50561
1201  3.19748
1202  2.29545
1203  0.379858
1204  3.97624
1205  4.86864
1206  -2.55859
1207  -1.92542
1208  -1.259
1209  2.51247
1210  6.43979
1211  2.89143
1212  -1.46657
1213  4.59187
1214  -3.99109
1215  -5.05294
1216  -0.521226
1217  -3.18895
1218  6.09105
1219  1.68107
1220  4.10113
1221  4.22369
1222  -3.30802
1223  0.761432
1224  -1.32229
1225  -0.922723
1226  1.0553
1227  1.97612
1228  3.88696
1229  7.65858
1230  3.90296
1231  -8.00884
1232  -0.182481
1233  2.2784
1234  -1.53861
1235  -2.50306
1236  4.98256
1237  -1.80932
1238  -3.26457
1239  -0.00241762
1240  0.192538
1241  0.100784
1242  -0.601263
1243  6.11743
1244  3.85154
1245  3.78221
1246  2.71227
1247  8.50204
1248  5.20042
1249  1.98268
1250  -1.03706
1251  1.95166
1252  0.113496
1253  -0.203132
1254  -9.48505
1255  -5.6396
1256  -1.87853
1257  4.54357
1258  -0.0372299
1259  0.745513
1260  2.91274
1261  -0.825622
1262  1.84968
1263  -0.933298
1264  -5.35587
1265  2.63893
1266  6.19185
1267  6.35459
1268  4.11461
1269  5.09847
1270  4.46805
1271  1.93647
1272  1.80232
1273  -1.01338
1274  1.64403
1275  -1.41445
1276  3.79833
1277  -1.94578
1278  0.970834
1279  4.30539
1280  -1.31256
1281  -1.41754
1282  -1.03784
1283  4.21504
1284  -0.17733
1285  2.10842
1286  -6.70405
1287  -3.80827
1288  1.4901
1289  -1.07578
1290  1.35766
1291  6.19233
1292  3.0286
1293  4.34209
1294  2.12695
1295  2.36733
1296  6.41897
1297  0.777444
1298  0.305734
1299  -0.315975
1300  3.57929
1301  2.62996
1302  3.13285
1303  -5.03755
1304  1.73203
1305  -1.12339
1306  4.74621
1307  3.77374
1308  -0.474183
1309  3.43671
1310  0.865743
1311  0.122772
1312  -1.38647
1313  -0.703218
1314  -3.37742
1315  1.22723
1316  -1.64694
1317  0.449323
1318  -3.94519
1319  1.92309
1320  0.906368
1321  -3.42393
1322  -3.27851
1323  -6.67595
1324  0.307042
1325  0.381052
1326  -1.70179
1327  4.10708
1328  -0.141301
1329  -4.68763
1330  4.68722
1331  5.37151
1332  -1.38321
1333  2.48617
1334  0.600276
1335  -2.05573
1336  -2.9628
1337  -3.63933
1338  0.497293
1339  -1.94942
1340  -1.95785
1341  -1.21762
1342  -3.05681
1343  2.10709
1344  4.26944
1345  2.84394
1346  5.83222
1347  -4.16707
1348  -0.442953
1349  0.906326
1350  5.15711
1351  6.1625
1352  8.68832
1353  4.8627
1354  3.33386
1355  -0.409739
1356  4.83604
1357  -2.36595
1358  4.12996
1359  4.05404
1360  3.54513
1361  3.61507
1362  -4.07968
1363  -0.271631
1364  3.79762
1365  1.79227
1366  -0.694385
1367  0.897816
1368  3.75727
1369  5.89173
1370  4.23834
1371  0.468637
1372  -2.45593
1373  8.41327
1374  1.83576
1375  6.54789
1376  6.77491
1377  3.49126
1378  -1.28109
1379  -2.50938
1380  6.77126
1381  -1.1333
1382  -2.4326
1383  4.28042
1384  0.0420181
1385  5.59095
1386  5.74136
1387  7.70184
1388  4.62992
1389  -0.409985
1390  -4.19163
1391  0.595202
1392  2.58631
1393  0.241657
1394  2.53024
1395  6.97718
1396  3.07547
1397  -1.86602
1398  -1.15723
1399  -3.42517
1400  1.73922
1401  1.96295
1402  -0.61763
1403  -3.59669
1404  4.05259
1405  -2.32487
1406  2.34187
1407  -0.970252
1408  4.81674
1409  -6.60258
1410  -5.49143
1411  7.86795
1412  7.88704
1413  1.77798
1414  -1.32138
1415  8.73462
1416  -3.16894
1417  4.46825
1418  -4.66995
1419  -2.72274
1420  -4.25267
1421  1.24638
1422  -4.11962
1423  1.06315
1424  4.2883
1425  2.4182
1426  7.04748
1427  3.71756
1428  5.04807
1429  -0.244817
1430  0.687594
1431  0.815321
1432  -0.248333
1433  8.7256
1434  2.70667
1435  0.904796
1436  3.46407
1437  2.00025
1438  -1.10059
1439  -0.52104
1440  0.288354
1441  -5.6451
1442  3.41675
1443  -2.22903
1444  -3.84778
1445  -1.86576
1446  3.87632
1447  2.90349
1448  -0.662528
1449  3.36326
1450  3.21716
1451  -8.5526
1452  -1.0143
1453  -4.90099
1454  -2.74639
1455  3.14718
1456  6.34036
1457  0.0639214
1458  1.93491
1459  0.6372
1460  -1.27431
1461  7.52499
1462  0.28891
1463  3.85552
1464  0.578096
1465  2.85689
1466  0.929297
1467  -0.227619
1468  -3.81538
1469  0.715357
1470  5.48394
1471  -6.29528
1472  4.09705
1473  5.49133
1474  0.877291
1475  -3.96489
1476  5.26396
1477  -2.99215
1478  -1.77748
1479  0.00881089
1480  5.62856
1481  -1.50472
1482  7.55234
1483  2.80987
1484  -0.368446
1485  0.718493
1486  0.250707
1487  -1.0255
1488  -0.295184
1489  0.102335
1490  4.88701
1491  -3.16062
1492  -3.19882
1493  -1.40168
1494  2.60271
1495  4.50075
1496  -0.173941
1497  -1.26592
1498  5.72177
1499  6.53485
1500  8.87788
501  0.221169
502  -0.680181
503  1.67313
504  -1.49826
505  -3.38745
506  -2.69875
507  -0.635698
508  0.67391
509  -0.199166
510  -1.80098
511  -3.85985
512  -4.3721
513  -2.53728
514  -2.7406
515  -1.54193
516  -2.84771
517  -3.791
518  -3.30473
519  -0.556249
520  0.394295
521  -2.39755
522  -0.988418
523  -2.16375
524  -1.694
525  -3.13065
526  -4.55556
527  -2.3158
528  -2.35164
529  -3.15614
530  0.400745
531  -0.154928
532  -3.22784
533  -1.10706
534  -1.8898
535  -3.58669
536  -2.75152
537  -0.700528
538  -3.00216
539  -2.01102
540  -2.66895
541  -2.32619
542  -0.264633
543  -1.75909
544  -0.487232
545  -0.681686
546  -1.22635
547  0.132
548  -3.73938
549  -2.56933
550  -2.63629
551  -2.53618
552  -1.09091
553  -1.64153
554  -2.54738
555  -0.990468
556  -1.25718
557  0.658322
558  0.0753278
559  -2.40787
560  -0.512597
561  -1.35681
562  -1.10078
563  1.17274
564  -1.83548
565  -0.774271
566  -0.0657261
567  -2.06879
568  -4.29514
569  -4.50781
570  -0.303635
571  -1.74437
572  -0.783907
573  -3.82615
574  -4.17112
575  -1.24238
576  -3.03784
577  -2.93894
578  -1.16927
579  -0.643637
580  -2.3348
581  -2.97641
582  -2.07597
583  0.0489884
584  -1.12589
585  -2.95172
586  -0.0156642
587  -2.28152
588  -4.11638
589  -3.50132
590  -1.93246
591  1.98872
592  -1.69068
593  -4.25786
594  -0.171879
595  -2.28532
596  -1.35678
597  -2.97692
598  -2.91946
599  -1.41887
600  0.0709503
601  -3.25743
602  -1.91658
603  -2.20807
604  -0.64898
605  -2.08001
606  -2.69512
607  -1.49504
608  -1.32913
609  0.862219
610  -0.286068
611  -1.73986
612  -4.76421
613  -2.74859
614  1.28415
615  -0.196422
616  -0.809459
617  -2.44558
618  -3.11193
619  -4.77672
620  -1.78537
621  -2.39354
622  -0.655419
623  -1.1166
624  -3.19393
625  -2.18163
626  -1.20972
627  -3.13526
628  -2.078
629  -2.65287
630  -3.39538
631  -1.81123
632  -1.61569
633  -2.97953
634  1.49315
635  -1.97276
636  0.148191
637  -1.75272
638  -1.02337
639  -0.545595
640  -1.42315
641  1.22946
642  1.39498
643  -2.77666
644  -2.89155
645  -1.12801
646  -1.67774
647  -1.66086
648  -1.3479
649  -1.34941
650  -3.81743
651  -2.70693
652  -1.39708
653  -0.410554
654  -0.260807
655  1.41004
656  0.490439
657  -3.28227
658  -2.55138
659  -1.71638
660  -1.81103
661  -0.961515
662  -2.99799
663  -1.62546
664  -2.81413
665  -3.10808
666  -1.82613
667  -3.42018
668  -1.88037
669  -1.322
670  -0.442307
671  -4.06847
672  -3.68885
673  -5.06224
674  -2.91709
675  -2.10249
676  -0.567707
677  0.310644
678  2.36594
679  1.13693
680  -0.310589
681  -0.708365
682  -2.18219
683  0.00201583
684  1.82683
685  0.675595
686  -3.3947
687  -0.924763
688  -0.947591
689  0.253622
690  -1.00029
691  -1.35107
692  -0.887075
693  -1.42663
694  0.954046
695  -4.25041
696  -1.10304
697  -2.407
698  -3.55004
699  -1.17867
700  -4.07226
701  -0.0146335
702  0.159124
703  -1.32471
704  -2.44378
705  -3.12658
706  -4.35124
707  -2.12597
708  -1.48247
709  -0.428153
710  -2.38518
711  -3.33205
712  -1.06182
713  -0.83796
714  -1.56514
715  -3.44197
716  -0.498099
717  0.716452
718  -1.56967
719  -0.820602
720  -1.01743
721  -0.264869
722  -1.88691
723  0.0474653
724  -3.5544
725  -0.75224
726  -0.540099
727  -0.410982
728  -4.42951
729  -1.86831
730  -3.51734
731  -3.76406
732  -0.392255
733  -1.34169
734  -1.35818
735  -4.14175
736  -2.38457
737  -2.42694
738  1.08069
739  -1.03969
740  -1.75459
741  -3.23447
742  -0.61463
743  -0.00896264
744  -2.58725
745  0.0349035
746  -1.45205
747  -2.09781
748  -2.30097
749  -1.8745
750  -3.65204
751  -1.39828
752  -2.29006
753  2.81141
754  -1.74167
755  -0.0959744
756  -2.53465
757  -3.79875
758  -5.00714
759  -3.01982
760  -3.43483
761  -0.49664
762  -1.7508
763  0.000585348
764  -0.61548
765  -0.407207
766  1.93845
767  -3.15582
768  -1.07064
769  1.02286
770  -0.946337
771  -1.01254
772  -2.12445
773  -0.961232
774  -5.28998
775  -0.111301
776  -2.88993
777  -4.54291
778  -4.71388
779  -2.83049
780  -0.574008
781  -1.65911
782  -0.138007
783  -0.732856
784  -3.98574
785  -0.0260971
786  0.859635
787  0.178621
788  -1.33937
789  -2.12708
790  -1.84954
791  0.125922
792  -3.80672
793  -1.09814
794  -6.78351
795  -7.45865
796  -1.86403
797  -1.08421
798  -7.94652
799  -3.1958
800  -3.33157
801  3.40752
802  -3.33163
803  -4.13741
804  -0.556697
805  -1.21676
806  -0.461453
807  -4.59659
808  -2.06868
809  -2.13638
810  -0.753682
811  -1.98863
812  -1.39659
813  -1.72364
814  -2.21767
815  -1.85159
816  -1.5173
817  -0.977637
818  -2.12182
819  -2.95159
820  0.404894
821  -0.0269094
822  -2.63018
823  -3.91394
824  -2.76204
825  -4.28451
826  0.506198
827  0.447514
828  -2.13933
829  -2.62853
830  -2.84634
831  -1.38119
832  -2.61325
833  -5.65959
834  -2.36232
835  -3.14555
836  2.56384
837  0.462209
838  -2.57517
839  -1.93726
840  -2.84947
841  -3.46887
842  1.15613
843  -0.352334
844  -3.26282
845  -4.28969
846  -1.53753
847  -1.15297
848  -0.71049
849  -2.89334
850  1.52291
851  -1.69154
852  -0.104471
853  -1.71889
854  0.739743
855  -3.34454
856  -4.94831
857  -1.60651
858  -2.14584
859  -0.382521
860  -1.45473
861  -0.99905
862  -1.47529
863  0.941547
864  -2.35725
865  -3.67014
866  -0.946115
867  -0.5801
868  -1.12579
869  -0.416287
870  -2.21206
871  -1.68489
872  -2.14136
873  0.955113
874  -1.22751
875  -0.00922901
876  2.02142
877  2.97341
878  0.207205
879  2.57129
880  -0.591835
881  -3.12038
882  -1.17169
883  -2.93572
884  -0.283572
885  -1.55867
886  1.43991
887  1.88587
888  -0.242265
889  -1.89821
890  -2.58497
891  -0.569753
892  0.942459
893  -6.43171
894  -1.34033
895  -2.72556
896  -2.3999
897  -0.938725
898  1.22419
899  -2.17627
900  -2.92509
901  -0.390964
902  -3.59071
903  -1.50246
904  -0.115876
905  -0.54891
906  -3.52914
907  -2.10583
908  -2.25974
909  -1.48985
910  -2.23895
911  -1.40123
912  -1.48445
913  -1.93578
914  -3.60054
915  -5.59906
916  -1.43278
917  1.74681
918  -3.80741
919  -6.50388
920  -1.98613
921  -2.69666
922  -1.51702
923  -1.00535
924  -1.85208
925  -2.00773
926  -0.737113
927  -0.185291
928  -2.90743
929  -3.26028
930  -1.14092
931  -0.343748
932  -2.54367
933  -0.527866
934  -2.18613
935  0.0379441
936  -2.03658
937  -1.52804
938  -3.69735
939  -3.06123
940  1.09571
941  -2.40684
942  -0.52198
943  -1.24301
944  -2.76617
945  -0.779613
946  -4.48306
947  -2.31272
948  0.447017
949  -0.856008
950  -0.691386
951  -0.527777
952  -0.212524
953  -0.832584
954  -1.75046
955  -1.33745
956  1.11706
957  -1.76012
958  -0.75665
959  -0.0304523
960  1.91177
961  -0.922808
962  -1.03745
963  -1.97099
964  -0.452333
965  -1.47578
966  -1.80429
967  -0.905738
968  -2.07585
969  -2.87029
970  -0.703127
971  -0.516225
972  -0.365496
973  -4.5163
974  -2.17569
975  -1.8202
976  -1.80774
977  -1.52893
978  0.267252
979  -2.98371
980  -1.94499
981  -1.6518
982  -1.20399
983  -0.1921
984  1.02603
985  0.0359544
986  -3.29462
987  -0.0928606
988  -2.62684
989  -0.988751
990  -1.72196
991  -0.876842
992  0.139999
993  -1.72503
994  0.139054
995  -0.0193894
996  -0.490622
997  -3.7873
998  1.22654
999  -1.71915
1000  -2.31222
1001  -1.18381
1002  1.97412
1003  0.0928635
1004  -0.20425
1005  -1.45055
1006  -0.274937
1007  -4.08709
1008  -2.97952
1009  -0.908886
1010  -2.04298
1011  -2.09996
1012  -4.28595
1013  -3.54259
1014  -1.74635
1015  -0.0257866
1016  0.181788
1017  -0.0986123
1018  -2.23623
1019  1.46816
1020  -1.12914
1021  -4.47363
1022  -2.60088
1023  -4.44381
1024  -2.6482
1025  -0.0538079
1026  -2.86565
1027  -0.254886
1028  -3.66429
1029  -1.8578
1030  0.970494
1031  -2.06163
1032  -2.25512
1033  -1.36716
1034  -2.38733
1035  -3.15021
1036  0.840341
1037  0.561528
1038  -2.45346
1039  -1.62887
1040  -0.73544
1041  -4.19735
1042  -2.86017
1043  -3.40666
1044  -3.49605
1045  -1.6731
1046  -1.83391
1047  -4.45498
1048  -2.20874
1049  -5.49151
1050  -2.51375
1051  -0.858888
1052  -2.50479
1053  0.545785
1054  -2.15141
1055  -2.00676
1056  -3.56436
1057  -3.45105
1058  -1.68619
1059  -3.70862
1060  -0.662247
1061  -1.21711
1062  -3.41968
1063  -1.75131
1064  -2.78871
1065  -1.81954
1066  -3.90934
1067  -4.28658
1068  -1.42591
1069  -2.46957
1070  -0.963769
1071  1.05227
1072  -1.85603
1073  0.567603
1074  -1.42566
1075  -1.2189
1076  -3.95118
1077  -2.20983
1078  -1.20284
1079  -1.30137
1080  -1.00965
1081  -0.696838
1082  -2.53605
1083  -0.422257
1084  -0.885645
1085  0.649368
1086  2.10914
1087  -1.5388
1088  -0.916727
1089  -0.0619913
1090  -1.74325
1091  1.61
1092  1.75505
1093  0.680937
1094  -3.46249
1095  -1.19942
1096  -0.441781
1097  -0.353009
1098  -2.22374
1099  -4.51361
1100  -3.32084
1101  -1.2913
1102  -1.22885
1103  -2.67281
1104  -0.34481
1105  0.477872
1106  -1.5209
1107  -2.44254
1108  -2.73421
1109  -2.26381
1110  -1.29511
1111  -0.868737
1112  -1.18384
1113  -0.075763
1114  -1.85516
1115  -0.210019
1116  1.34366
1117  -1.56125
1118  -1.20951
1119  -1.5797
1120  -2.06625
1121  -0.982188
1122  -0.131912
1123  -0.835241
1124  -3.73879
1125  0.0761615
1126  -2.13509
1127  -1.84817
1128  -0.768112
1129  -0.158571
1130  -2.82268
1131  -1.80948
1132  -0.600285
1133  -1.80267
1134  -1.37372
1135  -4.01387
1136  0.529059
1137  -2.90503
1138  -1.37214
1139  -4.31895
1140  -2.65477
1141  -2.36797
1142  -1.38823
1143  -4.74263
1144  -2.66832
1145  -1.2277
1146  -3.20644
1147  -0.538263
1148  -0.940495
1149  -3.56574
1150  -2.35728
1151  -2.36668
1152  -3.3802
1153  -1.34834
1154  -1.23485
1155  -2.9128
1156  -1.5691
1157  1.27201
1158  -0.591071
1159  -0.0427282
1160  -1.92599
1161  -1.32762
1162  -3.71651
1163  0.0180553
1164  -0.593525
1165  -1.8171
1166  -1.4621
1167  -0.233524
1168  -2.80502
1169  -2.97782
1170  -4.29146
1171  -1.06799
1172  -4.09938
1173  -0.0947651
1174  -3.8473
1175  -0.442854
1176  -2.13104
1177  -0.73361
1178  -1.74653
1179  0.474802
1180  -1.58712
1181  -3.75808
1182  0.721413
1183  -2.58081
1184  -0.730636
1185  -0.206921
1186  -1.01448
1187  -2.28051
1188  -2.31869
1189  -5.64922
1190  0.941914
1191  -1.69801
1192  -2.32285
1193  0.463665
1194  1.71035
1195  -0.0176081
1196  1.35331
1197  0.618196
1198  -1.24963
1199  -0.800674
1200  -1.53572
1201  -1.1781
1202  -2.38184
1203  -2.73934
1204  -4.98686
1205  -3.36609
1206  0.46438
1207  -0.092706
1208  -0.31855
1209  -2.23912
1210  -0.453861
1211  0.0566512
1212  -0.910736
1213  -0.66886
1214  -1.17426
1215  -3.17601
1216  -6.22352
1217  -3.3184
1218  -1.41878
1219  -0.713913
1220  -1.64601
1221  -0.517905
1222  -0.528868
1223  -4.07758
1224  -1.39407
1225  -2.5681
1226  -0.452828
1227  0.157994
1228  -3.65276
1229  -0.651208
1230  -0.0513103
1231  -2.62793
1232  -5.32125
1233  -2.05294
1234  -1.12704
1235  -0.384401
1236  -0.624352
1237  -1.12045
1238  -1.90219
1239  -1.57601
1240  -3.07129
1241  -1.62512
1242  -0.488543
1243  -4.6199
1244  1.97071
1245  -0.0198124
1246  0.402988
1247  0.220192
1248  -0.565363
1249  0.445874
1250  -0.625029
1251  0.601608
1252  -1.66645
1253  -2.45241
1254  -1.48173
1255  -5.04443
1256  -5.69311
1257  -4.10689
1258  1.12083
1259  -2.80598
1260  -0.169751
1261  -1.03396
1262  -3.45071
1263  -3.73075
1264  -0.195098
1265  -2.1609
1266  -0.513438
1267  0.331892
1268  0.19496
1269  0.443172
1270  0.200057
1271  1.6565
1272  -0.78399
1273  -0.484607
1274  -1.51018
1275  -3.786
1276  -0.453939
1277  -1.6859
1278  -1.9649
1279  -0.490958
1280  -1.4123
1281  -2.88188
1282  -1.71134
1283  -0.289015
1284  -0.967952
1285  -1.89409
1286  -3.34637
1287  -3.64253
1288  -0.582031
1289  -1.70495
1290  -1.89549
1291  0.495039
1292  -0.107625
1293  -6.03942
1294  1.00871
1295  0.539111
1296  -2.37148
1297  -1.59188
1298  -2.94467
1299  0.30785
1300  0.480288
1301  -1.53296
1302  0.984129
1303  0.908415
1304  0.923728
1305  -0.523
1306  -1.08639
1307  -1.38231
1308  -1.60883
1309  -2.02652
1310  -1.09867
1311  -1.39639
1312  -3.54537
1313  -4.0921
1314  -1.25083
1315  -2.44176
1316  -2.1679
1317  -1.71321
1318  -2.98773
1319  -2.89858
1320  -1.27729
1321  -0.915363
1322  -1.93397
1323  -0.410104
1324  -0.92303
1325  -1.76758
1326  -3.22274
1327  -2.01412
1328  0.830189
1329  -2.32489
1330  -2.44395
1331  -0.784534
1332  0.87372
1333  -1.41734
1334  -1.12468
1335  0.479146
1336  -4.63395
1337  -4.55604
1338  -1.56328
1339  0.566856
1340  -1.02518
1341  -1.34518
1342  -3.16264
1343  -3.32057
1344  -2.25087
1345  -2.78021
1346  0.372148
1347  -2.64062
1348  -1.46677
1349  -1.69121
1350  -2.04989
1351  1.03157
1352  -1.86991
1353  -2.47795
1354  -2.32573
1355  -4.28851
1356  -1.72541
1357  -2.82586
1358  -0.69854
1359  1.97519
1360  0.0993093
1361  0.938371
1362  0.46125
1363  -2.37238
1364  0.308271
1365  -0.0177547
1366  1.13741
1367  -1.47802
1368  -2.57048
1369  -2.75196
1370  0.876901
1371  -1.73079
1372  -2.49389
1373  -1.92666
1374  -0.753528
1375  0.291388
1376  -1.91421
1377  -0.615818
1378  -3.87005
1379  -3.42603
1380  -2.55371
1381  -1.69231
1382  -3.07834
1383  -6.80275
1384  0.862557
1385  -0.312972
1386  3.84018
1387  1.13764
1388  2.72338
1389  -5.64458
1390  -1.94679
1391  -2.19212
1392  -3.47919
1393  -0.943586
1394  -0.634024
1395  -0.885916
1396  0.931546
1397  0.270595
1398  -1.85721
1399  -6.21116
1400  -3.06836
1401  -3.02613
1402  -1.99159
1403  -2.78635
1404  -0.372008
1405  -3.03456
1406  -1.13987
1407  -2.57087
1408  -1.66469
1409  1.18866
1410  1.16568
1411  0.674039
1412  -0.461292
1413  -3.73241
1414  -3.83142
1415  -0.848694
1416  -1.49335
1417  -0.633421
1418  -2.27036
1419  -5.50184
1420  -1.73432
1421  -1.7438
1422  -1.27669
1423  -0.70655
1424  1.37741
1425  -0.896127
1426  -0.242516
1427  0.0564875
1428  -1.24001
1429  -2.22663
1430  -0.698251
1431  -2.24227
1432  -2.67467
1433  -2.61617
1434  -3.92401
1435  -2.11219
1436  -1.67436
1437  1.35256
1438  0.216047
1439  -3.87097
1440  0.58623
1441  -2.07686
1442  0.954464
1443  -0.0612571
1444  -2.44753
1445  -2.22608
1446  0.228684
1447  -1.78581
1448  0.255289
1449  -1.50614
1450  -1.18158
1451  -3.29229
1452  -1.99799
1453  -1.74125
1454  0.722296
1455  -2.72189
1456  -1.65172
1457  -5.23925
1458  0.142888
1459  -3.29799
1460  -1.6792
1461  -0.89165
1462  -2.48563
1463  -2.82046
1464  -1.86386
1465  -2.14462
1466  -4.61911
1467  -3.41945
1468  -3.56185
1469  -2.82485
1470  -2.82402
1471  -0.3192
1472  0.127766
1473  -1.46246
1474  -2.50964
1475  -2.68781
1476  -1.0103
1477  -1.25552
1478  -1.51773
1479  0.633703
1480  -0.340894
1481  -1.09785
1482  0.280993
1483  -0.79955
1484  -2.15515
1485  -2.22738
1486  -2.84615
1487  0.177213
1488  -0.31744
1489  -1.42245
1490  -2.66747
1491  -1.13077
1492  -2.49125
1493  -2.50882
1494  -2.61062
1495  -1.63544
1496  -0.0813082
1497  -0.91216
1498  -0.469105
1499  -1.01357
1500  0.554318
501  13.2859
502  13.5916
503  10.969
504  21.7313
505  14.5519
506  14.0113
507  12.1118
508  13.472
509  16.9409
510  12.5574
511  12.1105
512  13.6982
513  13.4341
514  13.3663
515  13.27
516  14.321
517  13.7269
518  13.8355
519  13.4117
520  14.1521
521  14.3991
522  12.9137
523  14.4562
524  16.3861
525  11.4902
526  12.0032
527  11.9897
528  14.4691
529  11.4546
530  18.0695
531  11.2502
532  10.1486
533  10.7552
534  13.6326
535  14.1429
536  16.8381
537  11.7692
538  19.1008
539  11.4363
540  15.5778
541  11.9226
542  10.8924
543  14.9933
544  13.4777
545  14.2692
546  17.4726
547  17.6688
548  11.7937
549  16.3388
550  13.6441
551  20.0433
552  24.5626
553  12.553
554  12.8322
555  11.3176
556  12.5995
557  13.7469
558  14.4188
559  16.7389
560  13.6592
561  13.9605
562  12.9152
563  16.2627
564  11.4214
565  11.7025
566  13.1266
567  16.2619
568  10.8781
569  13.715
570  13.3617
571  13.6511
572  11.5953
573  12.1712
574  12.3763
575  11.0235
576  12.396
577  11.3238
578  11.5128
579  12.5333
580  14.8509
581  13.5759
582  13.3934
583  12.963
584  12.958
585  11.5191
586  11.8796
587  11.8008
588  10.4428
589  11.7049
590  11.4285
591  10.2914
592  16.3784
593  10.1783
594  9.87136
595  9.22001
596  9.24644
597  10.3163
598  17.4241
599  14.9388
600  11.9034
601  11.1012
602  9.30265
603  13.8137
604  14.0434
605  17.5182
606  12.7249
607  11.865
608  14.0779
609  13.3915
610  13.1656
611  11.0978
612  16.9557
613  14.0223
614  14.3042
615  14.6178
616  16.0431
617  11.5906
618  11.2511
619  10.096
620  13.6914
621  11.2224
622  14.1855
623  13.1431
624  14.6989
625  13.9258
626  21.3739
627  15.9657
628  15.0552
629  13.4555
630  13.3671
631  12.9524
632  13.7579
633  14.065
634  13.7226
635  13
636  10.5792
637  13.3952
638  14.5231
639  12.1364
640  11.6582
641  15.6455
642  15.6084
643  15.1836
644  14.7818
645  13.1029
646  12.6927
647  12.2425
648  12.1464
649  14.0091
650  15.5415
651  11.6679
652  11.6119
653  18.9083
654  14.7578
655  16.4481
656  16.6137
657  15.4248
658  17.2166
659  17.7633
660  15.4759
661  16.4999
662  11.5116
663  14.6992
664  10.9828
665  13.1823
666  14.3659
667  14.9121
668  16
669  9.99135
670  17.4896
671  23.5544
672  16.5041
673  13.1085
674  12.281
675  15.1209
676  13.0145
677  13.3298
678  12.5224
679  12.0766
680  12.4714
681  19.577
682  19.6596
683  16.8638
684  13.5615
685  15.1748
686  10.5921
687  11.511
688  12.8599
689  15.2064
690  13.5255
691  18.8744
692  16.6435
693  23.9314
694  18.7765
695  8.2722
696  8.52456
697  8.8128
698  11.9752
699  16.3793
700  14.964
701  13.5339
702  11.5214
703  12.3102
704  12.2484
705  17.6093
706  13.5089
707  12.5733
708  14.7551
709  11.6571
710  12.5957
711  14.2476
712  15.0933
713  16.0489
714  11.989
715  12.909
716  10.0469
717  11.175
718  12.1817
719  13.2464
720  14.9851
721  13.3191
722  17.5158
723  12.5637
724  12.8801
725  12.746
726  12.169
727  11.4632
728  12.5012
729  18.5751
730  13.3779
731  14.5019
732  14.6266
733  14.4432
734  17.0907
735  11.5036
736  11.5486
737  13.84
738  11.1459
739  11.7598
740  14.271
741  16.3759
742  16.9981
743  17.3151
744  11.3893
745  12.6416
746  11.6968
747  12.7159
748  15.3103
749  15.631
750  12.732
751  15.8048
752  15.6149
753  13.2771
754  15.728
755  12.7985
756  15.5859
757  14.5557
758  15.7556
759  10.9843
760  10.3239
761  10.239
762  15.0358
763  14.452
764  13.1539
765  13.2574
766  13.4831
767  14.245
768  21.8385
769  10.8665
770  10.6499
771  13.019
772  10.8747
773  15.8847
774  15.2958
775  13.9955
776  13.4177
777  11.045
778  10.7762
779  13.6873
780  13.4431
781  14.6062
782  11.8857
783  15.0457
784  10.7995
785  11.1434
786  14.2193
787  13.3026
788  14.266
789  14.3686
790  12.3983
791  11.3691
792  11.1373
793  26.5362
794  17.9217
795  13.1271
796  13.5391
797  15.6809
798  12.7653
799  13.7905
800  13.3131
801  14.3744
802  14.0164
803  16.1098
804  16.0353
805  12.5048
806  11.1675
807  11.4959
808  10.9819
809  11.5782
810  11.6302
811  11.3877
812  15.8867
813  13.9898
814  14.4854
815  14.1178
816  10.531
817  13.8592
818  12.9986
819  11.9432
820  13.0387
821  13.0696
822  21.0657
823  15.4859
824  15.8811
825  11.7068
826  12.3385
827  16.0186
828  11.6363
829  15.8193
830  15.617
831  12.5316
832  14.4665
833  11.6981
834  11.3773
835  15.6776
836  17.1578
837  17.9683
838  16.3804
839  13.2009
840  11.8798
841  14.8227
842  15.359
843  16.9876
844  12.8841
845  12.1037
846  13.8641
847  14.7087
848  12.7311
849  12.5595
850  18.963
851  17.7546
852  14.2111
853  18.1563
854  18.9321
855  11.5913
856  10.2934
857  10.2689
858  13.2751
859  13.1696
860  14.1055
861  13.517
862  11.3739
863  9.48364
864  9.85978
865  12.5429
866  12.7729
867  13.0222
868  15.3236
869  25.5096
870  8.77345
871  8.71763
872  9.26889
873  11.3025
874  18.2325
875  19.6771
876  16.5317
877  11.7566
878  11.4705
879  9.72845
880  9.03975
881  11.345
882  10.8458
883  20.8187
884  23.2381
885  19.4228
886  16.9862
887  12.2918
888  16.3532
889  17.2753
890  14.3944
891  18.7457
892  13.5306
893  11.1497
894  13.6204
895  14.8056
896  13.8043
897  13.7673
898  14.0609
899  15.709
900  14.0241
901  12.1672
902  12.9704
903  14.0027
904  13.9099
905  13.6565
906  14.4333
907  11.2638
908  14.4051
909  15.5011
910  13.019
911  15.2807
912  11.1458
913  9.64348
914  16.0169
915  14.6038
916  16.416
917  13.6082
918  16.3946
919  13.834
920  12.0472
921  18.5923
922  9.88097
923  9.92083
924  9.82103
925  10.1987
926  13.2219
927  15.4976
928  16.6381
929  13.9665
930  16.5425
931  14.0581
932  14.1951
933  15.5451
934  16.4836
935  15.0294
936  16.7194
937  18.6333
938  18.39
939  15.7078
940  15.438
941  20.2578
942  15.7982
943  13.3155
944  14.6909
945  13.2871
946  15.6309
947  14.3734
948  18.4752
949  12.0014
950  14.7125
951  14.9017
952  15.2309
953  11.9195
954  12.7465
955  14.6103
956  14.1272
957  14.4352
958  16.039
959  11.3946
960  17.5505
961  15.567
962  15.3041
963  11.2892
964  10.4334
965  15.5472
966  14.6749
967  13.8029
968  16.4969
969  13.644
970  13.4932
971  13.2003
972  14.7832
973  14.1681
974  10.2552
975  11.4489
976  11.0847
977  9.74862
978  13.0775
979  11.7375
980  16.8318
981  15.6361
982  12.9919
983  14.7033
984  18.4466
985  15.5935
986  14.7769
987  16.4024
988  13.2996
989  13.766
990  12.013
991  17.212
992  12.9384
993  13.3965
994  14.8201
995  13.7991
996  14.5578
997  14.059
998  15.6706
999  15.1793
1000  19.527
1001  13.4984
1002  13.9346
1003  15.2031
1004  13.4123
1005  14.6258
1006  10.9408
1007  11.0729
1008  11.4783
1009  10.9906
1010  12.1985
1011  12.1881
1012  12.7083
1013  13.8062
1014  17.505
1015  13.8833
1016  12.2795
1017  15.7907
1018  11.4674
1019  12.9723
1020  12.2618
1021  14.675
1022  16.721
1023  16.6213
1024  14.5137
1025  16.2651
1026  18.7075
1027  26.2738
1028  8.89152
1029  11.8581
1030  9.26998
1031  9.67066
1032  16.4758
1033  10.9549
1034  18.2051
1035  9.3987
1036  19.7882
1037  11.3998
1038  11.447
1039  12.6505
1040  12.2505
1041  13.5187
1042  15.5074
1043  16.4634
1044  15.8471
1045  11.331
1046  11.4417
1047  11.1501
1048  11.6934
1049  12.8826
1050  13.2518
1051  16.0665
1052  16.4849
1053  12.1951
1054  12.5768
1055  16.3397
1056  21.4227
1057  11.2458
1058  11.1031
1059  21.2893
1060  10.7985
1061  10.646
1062  12.338
1063  11.1044
1064  13.932
1065  15.8088
1066  16.5738
1067  16.6918
1068  13.5735
1069  16.7006
1070  14.4927
1071  13.3769
1072  12.8146
1073  11.3797
1074  11.7701
1075  17.4957
1076  10.3373
1077  11.0938
1078  11.1816
1079  20.3914
1080  16.6471
1081  11.9716
1082  14.3849
1083  12.8443
1084  15.426
1085  13.3658
1086  13.7583
1087  12.6112
1088  13.7327
1089  19.8604
1090  17.5268
1091  18.9894
1092  19.5365
1093  13.8321
1094  12.1186
1095  12.1502
1096  16.1687
1097  15.0096
1098  15.8976
1099  14.271
1100  12.5206
1101  12.2568
1102  17.7955
1103  21.3315
1104  14.3631
1105  21.5725
1106  11.3705
1107  11.3467
1108  10.3116
1109  11.5485
1110  12.3057
1111  12.7133
1112  13.5245
1113  17.5461
1114  16.2526
1115  18.207
1116  15.2644
1117  16.9138
1118  11.7186
1119  10.8301
1120  11.7362
1121  12.1482
1122  18.6036
1123  14.7257
1124  21.4604
1125  14.9508
1126  14.6703
1127  14.2197
1128  15.0922
1129  13.5157
1130  13.201
1131  12.7925
1132  13.5935
1133  12.5147
1134  17.1228
1135  9.03691
1136  9.58638
1137  10.3878
1138  12.3666
1139  15.4847
1140  14.1667
1141  11.131
1142  15.8889
1143  12.7747
1144  12.9195
1145  13.626
1146  12.0415
1147  14.9381
1148  14.0098
1149  15.0305
1150  15.7598
1151  11.3303
1152  12.9411
1153  16.0193
1154  15.9861
1155  15.1944
1156  12.8793
1157  13.2481
1158  22.1036
1159  18.5471
1160  19.0604
1161  12.3044
1162  15.8246
1163  15.6938
1164  13.7223
1165  13.4474
1166  12.6003
1167  12.1285
1168  12.8938
1169  11.6813
1170  11.3388
1171  13.3187
1172  12.6382
1173  16.2387
1174  9.91798
1175  9.80375
1176  11.7551
1177  16.2654
1178  10.8258
1179  11.4579
1180  14.3607
1181  12.7536
1182  18.6101
1183  10.2653
1184  12.115
1185  14.426
1186  13.6174
1187  15.0122
1188  16.1924
1189  16.4443
1190  10.8464
1191  10.967
1192  14.5203
1193  15.4983
1194  14.0398
1195  16.6728
1196  16.2673
1197  14.7749
1198  12.2675
1199  9.59651
1200  12.9289
1201  14.1867
1202  11.3904
1203  11.9733
1204  9.47688
1205  15.8091
1206  14.7792
1207  16.3005
1208  16.5597
1209  11.5162
1210  13.4437
1211  12.0982
1212  12.1399
1213  13.8427
1214  11.8177
1215  15.4822
1216  12.9603
1217  12.0609
1218  13.0658
1219  12.2475
1220  12.1776
1221  12.6631
1222  13.3187
1223  12.9902
1224  15.6448
1225  13.0716
1226  13.3284
1227  14.1609
1228  17.9604
1229  16.7552
1230  17.6396
1231  16.4299
1232  12.5441
1233  10.8567
1234  12.6864
1235  13.4506
1236  14.8485
1237  11.422
1238  17.1493
1239  21.9596
1240  9.66289
1241  11.7332
1242  10.5232
1243  12.8686
1244  14.8649
1245  13.862
1246  13.3693
1247  12.2893
1248  15.4183
1249  12.0916
1250  14.7214
1251  15.7808
1252  12.4957
1253  11.6147
1254  21.3975
1255  14.8797
1256  13.5364
1257  14.0626
1258  15.143
1259  11.2347
1260  10.2135
1261  11.1257
1262  12.2414
1263  11.6558
1264  14.6995
1265  15.5519
1266  15.0483
1267  14.8121
1268  12.8192
1269  13.6709
1270  15.2649
1271  11.2047
1272  14.0296
1273  11.8662
1274  12.1073
1275  12.1948
1276  11.5771
1277  11.5072
1278  14.06
1279  14.0959
1280  13.5677
1281  13.6216
1282  14.0974
1283  10.0229
1284  11.3399
1285  11.7756
1286  14.5024
1287  17.1324
1288  13.847
1289  13.8303
1290  12.8575
1291  10.4106
1292  11.9117
1293  13.6413
1294  14.0856
1295  11.8175
1296  12.3102
1297  12.0818
1298  11.0972
1299  13.9928
1300  15.9667
1301  13.6431
1302  13.3424
1303  14.2548
1304  17.4205
1305  17.247
1306  17.6173
1307  13.2753
1308  11.9173
1309  13.1371
1310  12.0966
1311  11.1983
1312  12.9801
1313  12.1508
1314  13.7421
1315  17.5018
1316  15.3783
1317  14.845
1318  15.3176
1319  15.7361
1320  9.37743
1321  13.8117
1322  12.7283
1323  15.7597
1324  12.695
1325  11.4246
1326  12.0902
1327  12.6897
1328  13.7283
1329  17.0869
1330  17.8587
1331  15.7144
1332  20.5922
1333  13.8275
1334  15.2832
1335  15.3205
1336  15.5985
1337  12.3501
1338  14.3889
1339  16.9535
1340  17.0016
1341  12.1237
1342  13.027
1343  13.8043
1344  13.148
1345  11.5826
1346  11.1542
1347  13.5466
1348  12.8614
1349  12.971
1350  12.9718
1351  14.7928
1352  17.0483
1353  26.0047
1354  24.1051
1355  22.3083
1356  15.8664
1357  14.0401
1358  14.1718
1359  12.4385
1360  13.2123
1361  10.3235
1362  13.2848
1363  12.8933
1364  14.8876
1365  16.6236
1366  10.9011
1367  15.9492
1368  15.519
1369  15.1563
1370  15.7154
1371  10.1779
1372  10.6376
1373  18.304
1374  12.029
1375  18.0737
1376  17.7511
1377  17.9024
1378  18.8226
1379  11.1115
1380  20.8616
1381  18.2488
1382  18.2998
1383  17.0568
1384  25.3396
1385  11.9879
1386  12.1089
1387  18.0087
1388  11.7093
1389  10.2959
1390  10.4662
1391  12.9016
1392  16.5546
1393  12.6405
1394  19.568
1395  20.2097
1396  22.6547
1397  17.7161
1398  17.6648
1399  14.9974
1400  12.7559
1401  13.9094
1402  14.8971
1403  11.5821
1404  9.92851
1405  11.7833
1406  13.0551
1407  11.6092
1408  14.1102
1409  14.4204
1410  20.8962
1411  18.0506
1412  16.4005
1413  11.5763
1414  12.8616
1415  13.7418
1416  15.495
1417  12.9251
1418  13.173
1419  12.6796
1420  12.2583
1421  11.4572
1422  12.6935
1423  12.3838
1424  17.0094
1425  15.0498
1426  19.4396
1427  12.4314
1428  12.4911
1429  10.3257
1430  14.0691
1431  13.2972
1432  13.9465
1433  11.596
1434  12.8125
1435  12.3373
1436  11.0376
1437  10.0667
1438  11.3679
1439  12.8116
1440  17.0059
1441  11.2059
1442  14.4791
1443  12.1883
1444  16.7163
1445  15.2208
1446  16.8116
1447  11.0971
1448  16.969
1449  13.3614
1450  12.8907
1451  16.913
1452  14.2799
1453  14.1419
1454  19.3729
1455  17.2628
1456  11.3758
1457  11.8365
1458  11.6504
1459  15.257
1460  13.2658
1461  17.5788
1462  13.1357
1463  11.051
1464  18.9928
1465  10.8755
1466  12.8819
1467  13.6956
1468  14.1681
1469  14.9462
1470  13.9148
1471  21.331
1472  18.0708
1473  13.5209
1474  13.1129
1475  14.2139
1476  15.3419
1477  11.8791
1478  10.7333
1479  11.5192
1480  11.4794
1481  10.6867
1482  17.9125
1483  13.5615
1484  12.6933
1485  14.8597
1486  12.715
1487  12.983
1488  15.4325
1489  13.136
1490  12.0332
1491  11.6994
1492  11.8364
1493  11.6098
1494  11.0029
1495  12.8301
1496  10.6707
1497  10.867
1498  10.2595
1499  20.6041
1500  21.4525
501  4.66619
502  6.49863
503  5.78276
504  6.5014
505  8.56553
506  10.1794
507  5.22842
508  7.37046
509  6.18539
510  6.4419
511  5.90997
512  6.40798
513  6.21193
514  6.64879
515  7.83015
516  6.58782
517  6.32239
518  5.66545
519  7.35325
520  5.27239
521  5.55353
522  5.44729
523  5.4113
524  5.80212
525  6.71967
526  6.00017
527  7.78386
528  7.06326
529  6.06424
530  6.77008
531  5.76673
532  7.30467
533  5.07853
534  6.50944
535  8.28556
536  6.17902
537  6.51957
538  5.68224
539  5.5277
540  5.21107
541  4.62573
542  6.13722
543  6.56541
544  4.28549
545  5.01237
546  6.52069
547  6.11881
548  7.06108
549  5.90256
550  5.75637
551  4.77412
552  4.99594
553  4.51366
554  4.5593
555  4.95027
556  5.46438
557  7.34715
558  8.21244
559  7.20653
560  7.64567
561  7.40825
562  6.92511
563  7.44738
564  5.6396
565  5.9692
566  6.53187
567  7.09429
568  6.55427
569  6.63867
570  7.12754
571  9.65906
572  7.63927
573  7.43281
574  7.47761
575  6.46378
576  7.58858
577  5.90055
578  5.5936
579  4.84251
580  6.26258
581  5.24097
582  4.86078
583  8.43557
584  6.88988
585  5.06263
586  7.8001
587  5.08393
588  6.07276
589  5.976
590  7.75053
591  7.75295
592  8.08499
593  6.10306
594  5.35541
595  5.821
596  6.27761
597  5.9024
598  7.02493
599  6.81493
600  5.27616
601  7.30197
602  6.9045
603  6.677
604  6.92585
605  7.85508
606  7.35218
607  8.0962
608  6.09065
609  6.78209
610  7.16867
611  6.3346
612  6.17158
613  5.90088
614  6.28111
615  5.26167
616  5.10151
617  4.8604
618  5.54591
619  5.87153
620  6.29331
621  6.17784
622  6.48336
623  5.96742
624  6.9414
625  6.69545
626  6.18967
627  6.98909
628  5.8241
629  5.8387
630  6.05173
631  7.21911
632  5.80717
633  7.3676
634  6.14563
635  5.27784
636  7.56463
637  8.451
638  4.90293
639  7.72989
640  8.21157
641  7.13753
642  7.43949
643  7.60609
644  7.61196
645  5.39041
646  5.28293
647  4.86412
648  6.22597
649  9.8293
650  5.07224
651  6.10441
652  5.35925
653  7.20118
654  6.4634
655  8.8726
656  7.86174
657  7.26638
658  7.53865
659  7.2019
660  8.43236
661  8.03877
662  8.05966
663  6.42643
664  6.23971
665  6.42905
666  7.49482
667  6.6905
668  5.84878
669  4.64007
670  7.16505
671  6.99295
672  6.84175
673  8.25262
674  7.61924
675  5.88807
676  5.9948
677  6.1912
678  7.79194
679  7.55316
680  6.89204
681  6.60204
682  6.72134
683  6.84207
684  6.77931
685  6.98066
686  6.17424
687  5.42831
688  6.32403
689  5.5888
690  7.24597
691  7.22819
692  12.3385
693  6.30159
694  6.53697
695  8.90232
696  7.71542
697  8.53936
698  4.84636
699  9.03047
700  5.27659
701  5.52291
702  5.37931
703  6.59031
704  6.61878
705  5.47071
706  6.4445
707  7.28619
708  8.77962
709  6.66004
710  5.89615
711  8.46717
712  6.67091
713  5.78697
714  6.43623
715  5.0045
716  4.90539
717  8.36493
718  7.83613
719  8.43445
720  8.26781
721  5.73633
722  5.86685
723  6.09504
724  5.58746
725  5.51269
726  6.72591
727  6.22024
728  6.20382
729  5.30554
730  5.4168
731  8.13586
732  5.06332
733  6.09968
734  7.93454
735  6.87479
736  8.79763
737  7.57506
738  6.10764
739  6.22577
740  7.0895
741  6.19293
742  5.82668
743  5.23608
744  5.12305
745  9.49892
746  6.83228
747  5.42219
748  4.77648
749  9.29293
750  7.55295
751  8.44156
752  5.8719
753  8.88032
754  6.54885
755  6.39712
756  6.46879
757  5.10366
758  7.35276
759  6.05013
760  6.25011
761  6.44547
762  6.46173
763  7.29638
764  4.93607
765  6.40203
766  7.42329
767  8.83918
768  6.92711
769  6.42997
770  7.67501
771  6.14755
772  8.48172
773  8.0757
774  9.63851
775  7.40473
776  8.12207
777  6.32478
778  6.85832
779  6.26865
780  6.44596
781  7.88245
782  8.38169
783  4.75662
784  4.45669
785  6.39521
786  5.0737
787  5.01632
788  5.26723
789  5.18083
790  5.92239
791  6.1742
792  8.01687
793  6.55352
794  7.96647
795  6.95352
796  8.54432
797  4.33111
798  8.84014
799  8.74422
800  6.57149
801  10.275
802  9.71053
803  8.88761
804  5.55837
805  5.49508
806  5.75972
807  5.46541
808  6.82832
809  4.98232
810  5.62028
811  5.45525
812  6.94611
813  5.57044
814  9.23609
815  4.74469
816  4.72033
817  4.68913
818  7.68723
819  5.29414
820  7.20656
821  5.17145
822  6.44238
823  6.81996
824  6.91822
825  7.24303
826  7.70287
827  4.94463
828  5.36487
829  5.84582
830  6.4531
831  5.34461
832  5.2395
833  8.47813
834  7.12964
835  6.4802
836  10.3061
837  7.83881
838  7.40005
839  5.44786
840  7.2038
841  6.97218
842  6.48289
843  7.35793
844  6.9603
845  6.37001
846  6.51202
847  6.842
848  6.66731
849  6.54476
850  6.14943
851  6.46602
852  6.11713
853  5.8592
854  5.40332
855  6.65892
856  7.59096
857  6.05801
858  6.99352
859  7.26109
860  6.52642
861  4.95139
862  8.11035
863  6.74172
864  4.62752
865  5.64201
866  7.04006
867  5.78968
868  5.73484
869  5.65612
870  4.61697
871  5.28993
872  5.73762
873  6.90347
874  6.76157
875  6.0523
876  7.1787
877  5.99078
878  6.29267
879  6.29663
880  6.45495
881  6.11896
882  7.46069
883  6.04891
884  6.37597
885  6.6046
886  5.61866
887  8.55731
888  9.94714
889  7.97527
890  7.50693
891  4.84848
892  5.14535
893  7.08352
894  10.1943
895  9.4779
896  6.79435
897  6.13664
898  7.71881
899  6.65011
900  6.36739
901  5.44249
902  5.76701
903  5.88153
904  5.61624
905  8.37137
906  5.65302
907  5.58017
908  6.91073
909  5.20941
910  4.9246
911  5.05013
912  4.9677
913  7.20651
914  6.09061
915  7.13053
916  8.85596
917  8.15816
918  10.0234
919  8.56888
920  6.1211
921  6.03107
922  7.66568
923  7.19412
924  6.68685
925  4.55587
926  4.98935
927  4.97642
928  5.8114
929  8.37366
930  8.52633
931  6.27405
932  4.94217
933  5.56677
934  5.79321
935  7.77637
936  8.41964
937  5.23927
938  5.19222
939  6.2376
940  7.4734
941  6.12039
942  5.29624
943  11.2166
944  6.89067
945  7.67765
946  8.12285
947  7.329
948  6.56685
949  7.1398
950  7.20033
951  6.49026
952  6.74592
953  6.01828
954  5.41571
955  5.91687
956  6.12595
957  5.8381
958  5.35713
959  7.97316
960  7.31536
961  8.51877
962  5.19048
963  5.39505
964  4.46339
965  4.38596
966  5.31618
967  4.72145
968  5.05693
969  5.12835
970  4.86004
971  4.81696
972  4.74162
973  6.50712
974  6.15579
975  5.87043
976  6.58406
977  5.7742
978  5.3307
979  5.8425
980  7.39277
981  8.00234
982  6.65294
983  6.64161
984  6.85869
985  6.28594
986  6.6789
987  6.27184
988  7.12542
989  6.35713
990  7.08934
991  6.1807
992  4.63518
993  4.44569
994  4.59682
995  4.38531
996  3.75256
997  6.02214
998  5.73294
999  8.27534
1000  6.9931
1001  5.75053
1002  6.26704
1003  6.63525
1004  7.55867
1005  5.72415
1006  5.56856
1007  7.99416
1008  6.45724
1009  5.81575
1010  5.25878
1011  6.15412
1012  6.62676
1013  5.56261
1014  6.63905
1015  5.58137
1016  4.80435
1017  5.96721
1018  5.0231
1019  5.6378
1020  5.4028
1021  7.22119
1022  7.58325
1023  6.66109
1024  9.53281
1025  5.90409
1026  7.95758
1027  7.42971
1028  5.72024
1029  8.28053
1030  5.23928
1031  5.17324
1032  4.89841
1033  4.97059
1034  6.72921
1035  5.6289
1036  4.86448
1037  9.81271
1038  4.78256
1039  5.82844
1040  6.29585
1041  6.46136
1042  6.88049
1043  6.77164
1044  6.68712
1045  7.58251
1046  7.52549
1047  7.07767
1048  6.46334
1049  5.79601
1050  7.80584
1051  7.28065
1052  7.15614
1053  5.9976
1054  7.39185
1055  7.29513
1056  7.22553
1057  7.07961
1058  6.04332
1059  6.15855
1060  8.04717
1061  7.35347
1062  5.78463
1063  6.22668
1064  7.22023
1065  8.91592
1066  7.83817
1067  5.89717
1068  5.22395
1069  6.85291
1070  7.10637
1071  5.94616
1072  5.52003
1073  6.15808
1074  6.11944
1075  6.56339
1076  6.26551
1077  6.72269
1078  6.82299
1079  6.36674
1080  5.28583
1081  5.57457
1082  5.68254
1083  5.9089
1084  5.88471
1085  5.41114
1086  8.15724
1087  6.06763
1088  6.05774
1089  6.70313
1090  6.91763
1091  7.98326
1092  7.04938
1093  5.58449
1094  6.21602
1095  5.78184
1096  5.90078
1097  4.5988
1098  4.82945
1099  5.52239
1100  6.53193
1101  6.07174
1102  5.53615
1103  7.65751
1104  7.12094
1105  7.38678
1106  5.69347
1107  4.92462
1108  5.04952
1109  4.97616
1110  4.65943
1111  5.35012
1112  5.33401
1113  7.05383
1114  6.9601
1115  6.50737
1116  7.48768
1117  7.2772
1118  6.4615
1119  4.43209
1120  4.28205
1121  4.34163
1122  4.34229
1123  5.00902
1124  4.84525
1125  5.74691
1126  7.4174
1127  7.36521
1128  6.86362
1129  6.77238
1130  5.26663
1131  5.15458
1132  5.51353
1133  4.79153
1134  4.62354
1135  6.71998
1136  5.63383
1137  6.34002
1138  5.99584
1139  7.33808
1140  8.07267
1141  5.40665
1142  5.72637
1143  4.7718
1144  5.93624
1145  7.70605
1146  4.98284
1147  8.50152
1148  8.60177
1149  8.9576
1150  5.66377
1151  5.64531
1152  6.26128
1153  6.94309
1154  4.86057
1155  4.99998
1156  4.95216
1157  7.95552
1158  8.68529
1159  8.18923
1160  5.32117
1161  6.80426
1162  8.26241
1163  6.71866
1164  7.21652
1165  6.89239
1166  7.71372
1167  6.55149
1168  5.85331
1169  7.97782
1170  6.00902
1171  6.03018
1172  6.2797
1173  6.64652
1174  7.29092
1175  6.43784
1176  5.8874
1177  6.50672
1178  6.12646
1179  6.64071
1180  7.26659
1181  8.56878
1182  8.6772
1183  6.21091
1184  5.85185
1185  7.57933
1186  5.42771
1187  5.03178
1188  5.48242
1189  5.52921
1190  5.45669
1191  8.24693
1192  6.49607
1193  7.11204
1194  10.8528
1195  9.14567
1196  8.11006
1197  9.36186
1198  9.07289
1199  5.35906
1200  6.63718
1201  6.4453
1202  6.25654
1203  5.31625
1204  6.70361
1205  7.58616
1206  6.43547
1207  5.74211
1208  6.70128
1209  6.11225
1210  6.17538
1211  6.62163
1212  4.87717
1213  4.38893
1214  4.39285
1215  7.71573
1216  7.5449
1217  7.25334
1218  6.2769
1219  6.22387
1220  5.6424
1221  5.64507
1222  4.66199
1223  6.58711
1224  6.37148
1225  6.93081
1226  5.83878
1227  6.29505
1228  8.37273
1229  8.35441
1230  5.89353
1231  8.49359
1232  8.65078
1233  7.70721
1234  6.50198
1235  6.89398
1236  6.66338
1237  6.69183
1238  5.07733
1239  5.38062
1240  5.69408
1241  7.85463
1242  5.86373
1243  8.83142
1244  8.63103
1245  8.0975
1246  7.83806
1247  10.6378
1248  4.74637
1249  6.63427
1250  6.68346
1251  6.16603
1252  5.55104
1253  7.57617
1254  5.3673
1255  5.33359
1256  8.64454
1257  8.11683
1258  8.09669
1259  5.66569
1260  6.78282
1261  5.23089
1262  6.38966
1263  6.58414
1264  6.32628
1265  8.00746
1266  6.36764
1267  6.14938
1268  6.01695
1269  6.58934
1270  6.07326
1271  7.66375
1272  7.19776
1273  5.53789
1274  7.74371
1275  6.32275
1276  7.57838
1277  9.13679
1278  5.46614
1279  4.85358
1280  8.46247
1281  8.99678
1282  4.99512
1283  5.25206
1284  6.14548
1285  7.80382
1286  6.96573
1287  7.81157
1288  6.53223
1289  4.58736
1290  4.65226
1291  5.45399
1292  5.29897
1293  8.53183
1294  8.42559
1295  9.12719
1296  7.97296
1297  6.81128
1298  5.16267
1299  8.62197
1300  9.58754
1301  5.92357
1302  6.63573
1303  7.8277
1304  8.69913
1305  5.97897
1306  8.25006
1307  8.25608
1308  6.52911
1309  6.83505
1310  5.60576
1311  7.61246
1312  6.49813
1313  6.88244
1314  7.23538
1315  4.85268
1316  5.03155
1317  7.77959
1318  7.49412
1319  7.22478
1320  6.70963
1321  6.63952
1322  8.27245
1323  4.65909
1324  4.7924
1325  4.62485
1326  4.5661
1327  5.75671
1328  7.18634
1329  6.06925
1330  8.62949
1331  11.1773
1332  7.56875
1333  6.83339
1334  7.02879
1335  6.43192
1336  9.66493
1337  7.36176
1338  7.1103
1339  6.66338
1340  7.32848
1341  7.32227
1342  6.51702
1343  6.41896
1344  6.51358
1345  6.07851
1346  7.92068
1347  4.7189
1348  4.87149
1349  5.25847
1350  4.99415
1351  5.96355
1352  6.45478
1353  5.43159
1354  7.84941
1355  8.56405
1356  11.5446
1357  9.13725
1358  8.07609
1359  7.74594
1360  6.6848
1361  5.776
1362  6.43852
1363  5.73606
1364  7.13601
1365  7.01188
1366  5.95732
1367  6.96608
1368  7.25296
1369  6.24421
1370  6.12241
1371  6.44734
1372  5.39668
1373  5.38698
1374  5.2123
1375  6.47175
1376  7.27724
1377  5.39733
1378  5.22599
1379  5.27824
1380  7.98871
1381  6.59924
1382  5.95665
1383  8.20273
1384  6.57503
1385  7.58789
1386  7.17584
1387  9.10353
1388  7.66267
1389  7.74582
1390  7.6128
1391  5.39165
1392  5.66042
1393  5.18171
1394  5.79747
1395  8.14622
1396  8.53917
1397  10.3945
1398  11.1862
1399  9.22069
1400  9.61206
1401  7.06657
1402  7.12702
1403  5.88163
1404  6.98163
1405  5.74563
1406  5.53426
1407  5.08872
1408  8.73635
1409  4.81077
1410  4.7587
1411  6.42954
1412  12.6882
1413  11.3318
1414  6.1075
1415  5.95511
1416  5.85213
1417  5.75395
1418  6.2236
1419  8.15611
1420  6.8904
1421  5.38817
1422  5.72815
1423  7.76241
1424  7.32843
1425  7.92321
1426  6.13845
1427  6.81667
1428  4.81165
1429  5.13565
1430  5.28418
1431  4.89449
1432  9.24549
1433  10.3156
1434  7.51306
1435  5.66553
1436  5.88048
1437  5.97913
1438  6.58968
1439  7.48648
1440  6.34212
1441  5.59675
1442  6.30567
1443  7.7844
1444  7.90046
1445  7.08563
1446  5.90978
1447  5.2604
1448  6.80684
1449  6.12832
1450  5.64745
1451  5.42598
1452  6.71521
1453  5.49416
1454  6.14253
1455  5.9576
1456  5.95492
1457  6.84307
1458  7.52714
1459  7.06131
1460  6.96266
1461  4.95232
1462  4.5929
1463  5.63185
1464  5.16743
1465  5.53576
1466  6.74082
1467  7.29874
1468  6.11874
1469  6.20939
1470  8.12089
1471  8.14355
1472  8.63491
1473  6.90375
1474  7.61699
1475  5.33275
1476  8.06033
1477  6.32146
1478  5.51414
1479  7.97809
1480  6.79984
1481  6.49607
1482  6.38478
1483  6.83567
1484  6.25173
1485  4.99003
1486  7.56619
1487  6.14088
1488  4.80199
1489  4.41368
1490  6.65169
1491  5.28608
1492  5.83002
1493  5.55933
1494  5.10182
1495  5.16385
1496  5.25754
1497  5.06114
1498  5.94851
1499  5.69169
1500  5.71651
